#P(>logN) HI HeII CIII CIV OIV OVI NeVIII MgII SiIV
0.000 17.686  0.000 16.181 17.006  0.000 17.988 16.694 10.544 14.285 
0.010 17.499  0.000 15.908 16.804  0.000 17.867 16.663 10.256 13.951 
0.020 17.350  0.000 15.713 16.638  0.000 17.763 16.620  9.727 13.690 
0.030 17.234  0.000 15.505 16.518  0.000 17.681 16.590  9.273 13.413 
0.040 17.179  0.000 15.440 16.459  0.000 17.633 16.572  9.125 13.326 
0.050 17.089  0.000 15.354 16.361  0.000 17.573 16.557  9.048 13.250 
0.060 17.049  0.000 15.302 16.318  0.000 17.521 16.537  8.971 13.183 
0.070 16.996  0.000 15.222 16.254  0.000 17.472 16.509  8.936 13.117 
0.080 16.945  0.000 15.163 16.202  0.000 17.441 16.482  8.901 13.073 
0.090 16.889  0.000 15.124 16.144  0.000 17.367 16.455  8.868 13.033 
0.100 16.833  0.000 15.059 16.079  0.000 17.320 16.430  8.829 13.004 
0.110 16.778  0.000 14.996 16.012  0.000 17.274 16.420  8.796 12.942 
0.120 16.731  0.000 14.940 15.969  0.000 17.244 16.402  8.752 12.893 
0.130 16.702  0.000 14.873 15.944  0.000 17.223 16.332  8.689 12.854 
0.140 16.689  0.000 14.840 15.929  0.000 17.209 16.299  8.615 12.748 
0.150 16.675  0.000 14.795 15.916  0.000 17.192 16.285  8.526 12.683 
0.160 16.657  0.000 14.752 15.896  0.000 17.179 16.265  8.390 12.615 
0.170 16.643  0.000 14.725 15.881  0.000 17.164 16.256  8.269 12.561 
0.180 16.632  0.000 14.705 15.865  0.000 17.148 16.250  8.207 12.496 
0.190 16.615  0.000 14.685 15.849  0.000 17.132 16.242  8.161 12.470 
0.200 16.598  0.000 14.670 15.831  0.000 17.116 16.234  8.122 12.449 
0.210 16.579  0.000 14.653 15.811  0.000 17.103 16.222  8.094 12.417 
0.220 16.565  0.000 14.631 15.797  0.000 17.094 16.208  8.071 12.404 
0.230 16.553  0.000 14.616 15.780  0.000 17.079 16.196  8.039 12.388 
0.240 16.532  0.000 14.595 15.760  0.000 17.064 16.184  8.015 12.372 
0.250 16.514  0.000 14.583 15.741  0.000 17.040 16.173  7.993 12.353 
0.260 16.502  0.000 14.569 15.730  0.000 17.023 16.163  7.974 12.327 
0.270 16.478  0.000 14.542 15.710  0.000 17.012 16.150  7.954 12.311 
0.280 16.459  0.000 14.526 15.691  0.000 16.998 16.132  7.916 12.292 
0.290 16.445  0.000 14.496 15.669  0.000 16.975 16.119  7.887 12.274 
0.300 16.425  0.000 14.481 15.654  0.000 16.950 16.103  7.861 12.252 
0.310 16.400  0.000 14.457 15.619  0.000 16.925 16.087  7.835 12.234 
0.320 16.377  0.000 14.439 15.606  0.000 16.902 16.066  7.804 12.210 
0.330 16.360  0.000 14.424 15.577  0.000 16.885 16.049  7.773 12.189 
0.340 16.340  0.000 14.379 15.560  0.000 16.852 16.025  7.745 12.165 
0.350 16.311  0.000 14.359 15.544  0.000 16.828 16.003  7.719 12.148 
0.360 16.285  0.000 14.342 15.505  0.000 16.810 15.991  7.681 12.131 
0.370 16.254  0.000 14.307 15.479  0.000 16.779 15.975  7.644 12.095 
0.380 16.227  0.000 14.288 15.455  0.000 16.752 15.955  7.616 12.078 
0.390 16.207  0.000 14.256 15.417  0.000 16.731 15.934  7.561 12.045 
0.400 16.174  0.000 14.233 15.389  0.000 16.707 15.908  7.528 12.014 
0.410 16.152  0.000 14.210 15.364  0.000 16.690 15.885  7.509 11.985 
0.420 16.130  0.000 14.188 15.347  0.000 16.666 15.868  7.478 11.958 
0.430 16.120  0.000 14.164 15.328  0.000 16.654 15.845  7.439 11.899 
0.440 16.100  0.000 14.138 15.308  0.000 16.631 15.814  7.395 11.869 
0.450 16.075  0.000 14.109 15.283  0.000 16.606 15.788  7.337 11.835 
0.460 16.053  0.000 14.087 15.259  0.000 16.595 15.771  7.292 11.793 
0.470 16.036  0.000 14.047 15.233  0.000 16.567 15.755  7.241 11.760 
0.480 15.997  0.000 14.019 15.198  0.000 16.536 15.729  7.199 11.736 
0.490 15.961  0.000 13.964 15.179  0.000 16.507 15.706  7.155 11.695 
0.500 15.940  0.000 13.935 15.161  0.000 16.472 15.693  7.114 11.650 
0.510 15.915  0.000 13.919 15.139  0.000 16.429 15.684  7.068 11.617 
0.520 15.881  0.000 13.869 15.102  0.000 16.394 15.664  7.001 11.585 
0.530 15.848  0.000 13.838 15.053  0.000 16.363 15.633  6.947 11.528 
0.540 15.821  0.000 13.771 15.011  0.000 16.335 15.604  6.884 11.489 
0.550 15.794  0.000 13.745 14.978  0.000 16.313 15.576  6.797 11.450 
0.560 15.762  0.000 13.705 14.948  0.000 16.299 15.553  6.757 11.403 
0.570 15.739  0.000 13.681 14.913  0.000 16.269 15.529  6.707 11.362 
0.580 15.699  0.000 13.619 14.883  0.000 16.249 15.509  6.624 11.304 
0.590 15.667  0.000 13.594 14.851  0.000 16.202 15.500  6.576 11.260 
0.600 15.629  0.000 13.528 14.816  0.000 16.181 15.479  6.523 11.208 
0.610 15.601  0.000 13.480 14.779  0.000 16.156 15.465  6.448 11.158 
0.620 15.580  0.000 13.447 14.738  0.000 16.129 15.434  6.356 11.079 
0.630 15.566  0.000 13.411 14.723  0.000 16.097 15.407  6.270 11.015 
0.640 15.518  0.000 13.388 14.674  0.000 16.077 15.385  6.155 10.974 
0.650 15.492  0.000 13.316 14.630  0.000 16.056 15.360  6.056 10.934 
0.660 15.461  0.000 13.269 14.599  0.000 16.032 15.343  5.981 10.895 
0.670 15.435  0.000 13.233 14.576  0.000 15.995 15.312  5.874 10.847 
0.680 15.405  0.000 13.202 14.553  0.000 15.974 15.275  5.777 10.804 
0.690 15.371  0.000 13.155 14.511  0.000 15.947 15.225  5.723 10.736 
0.700 15.352  0.000 13.118 14.490  0.000 15.916 15.183  5.666 10.699 
0.710 15.317  0.000 13.077 14.455  0.000 15.882 15.161  5.511 10.646 
0.720 15.282  0.000 13.035 14.426  0.000 15.848 15.134  5.342 10.594 
0.730 15.255  0.000 12.994 14.374  0.000 15.804 15.104  5.044 10.537 
0.740 15.196  0.000 12.952 14.338  0.000 15.776 15.071  4.755 10.491 
0.750 15.159  0.000 12.911 14.300  0.000 15.739 15.033  4.436 10.450 
0.760 15.131  0.000 12.879 14.269  0.000 15.700 15.011   -inf 10.418 
0.770 15.075  0.000 12.836 14.214  0.000 15.650 14.979   -inf 10.375 
0.780 15.036  0.000 12.802 14.163  0.000 15.600 14.922   -inf 10.337 
0.790 14.998  0.000 12.762 14.119  0.000 15.575 14.894   -inf 10.306 
0.800 14.974  0.000 12.696 14.097  0.000 15.546 14.862   -inf 10.262 
0.810 14.944  0.000 12.657 14.066  0.000 15.503 14.816   -inf 10.184 
0.820 14.898  0.000 12.603 14.021  0.000 15.479 14.780   -inf 10.124 
0.830 14.868  0.000 12.538 13.974  0.000 15.443 14.747   -inf 10.063 
0.840 14.818  0.000 12.497 13.928  0.000 15.411 14.717   -inf  9.987 
0.850 14.771  0.000 12.459 13.877  0.000 15.348 14.690   -inf  9.941 
0.860 14.720  0.000 12.395 13.828  0.000 15.291 14.653   -inf  9.845 
0.870 14.662  0.000 12.303 13.767  0.000 15.242 14.608   -inf  9.795 
0.880 14.626  0.000 12.218 13.703  0.000 15.210 14.579   -inf  9.713 
0.890 14.594  0.000 12.162 13.654  0.000 15.181 14.550   -inf  9.644 
0.900 14.521  0.000 12.107 13.587  0.000 15.112 14.532   -inf  9.560 
0.910 14.446  0.000 12.027 13.492  0.000 15.037 14.484   -inf  9.474 
0.920 14.368  0.000 11.916 13.419  0.000 14.956 14.438   -inf  9.332 
0.930 14.297  0.000 11.801 13.323  0.000 14.870 14.359   -inf  9.213 
0.940 14.205  0.000 11.730 13.261  0.000 14.802 14.283   -inf  9.117 
0.950 14.130  0.000 11.624 13.206  0.000 14.727 14.228   -inf  9.017 
0.960 14.026  0.000 11.471 13.038  0.000 14.594 14.160   -inf  8.833 
0.970 13.939  0.000 11.381 12.934  0.000 14.527 14.080   -inf  8.748 
0.980 13.867  0.000 11.212 12.843  0.000 14.461 14.006   -inf  8.583 
0.990 13.747  0.000 11.103 12.730  0.000 14.343 13.956   -inf  8.362 
1.000 13.622  0.000 10.944 12.549  0.000 14.216 13.828   -inf  8.231 
