#P(>logN) HI HeII CIII CIV OIV OVI NeVIII MgII SiIV
0.000 20.514  0.000 15.476 14.410  0.000 14.389 13.645 16.183 14.078 
0.010 20.207  0.000 15.268 13.724  0.000 13.660 13.164 15.936 13.307 
0.020 20.106  0.000 15.243 13.611  0.000 13.545 13.113 15.853 13.200 
0.030 19.976  0.000 15.224 13.536  0.000 13.485 13.074 15.751 13.134 
0.040 19.805  0.000 15.211 13.478  0.000 13.433 13.048 15.603 13.083 
0.050 19.645  0.000 15.199 13.429  0.000 13.394 13.028 15.508 13.042 
0.060 19.583  0.000 15.188 13.391  0.000 13.359 13.013 15.475 13.012 
0.070 19.546  0.000 15.177 13.346  0.000 13.325 13.000 15.446 12.982 
0.080 19.516  0.000 15.167 13.305  0.000 13.292 12.988 15.421 12.958 
0.090 19.492  0.000 15.155 13.265  0.000 13.262 12.977 15.399 12.931 
0.100 19.467  0.000 15.145 13.225  0.000 13.228 12.966 15.384 12.908 
0.110 19.442  0.000 15.136 13.186  0.000 13.200 12.958 15.369 12.887 
0.120 19.422  0.000 15.128 13.151  0.000 13.170 12.949 15.354 12.864 
0.130 19.403  0.000 15.121 13.109  0.000 13.144 12.941 15.340 12.839 
0.140 19.387  0.000 15.114 13.070  0.000 13.117 12.935 15.325 12.818 
0.150 19.371  0.000 15.108 13.032  0.000 13.091 12.929 15.308 12.796 
0.160 19.356  0.000 15.100 12.996  0.000 13.064 12.923 15.293 12.776 
0.170 19.342  0.000 15.093 12.961  0.000 13.035 12.917 15.281 12.757 
0.180 19.324  0.000 15.087 12.923  0.000 13.009 12.911 15.269 12.737 
0.190 19.308  0.000 15.081 12.885  0.000 12.986 12.906 15.258 12.715 
0.200 19.292  0.000 15.074 12.846  0.000 12.965 12.900 15.241 12.694 
0.210 19.277  0.000 15.068 12.814  0.000 12.937 12.894 15.230 12.673 
0.220 19.260  0.000 15.060 12.773  0.000 12.913 12.889 15.218 12.649 
0.230 19.246  0.000 15.053 12.728  0.000 12.886 12.885 15.209 12.624 
0.240 19.234  0.000 15.047 12.695  0.000 12.864 12.880 15.199 12.602 
0.250 19.222  0.000 15.041 12.651  0.000 12.839 12.874 15.189 12.578 
0.260 19.210  0.000 15.033 12.607  0.000 12.817 12.869 15.181 12.554 
0.270 19.199  0.000 15.025 12.564  0.000 12.793 12.864 15.173 12.531 
0.280 19.189  0.000 15.018 12.527  0.000 12.769 12.860 15.164 12.507 
0.290 19.180  0.000 15.012 12.489  0.000 12.745 12.856 15.155 12.482 
0.300 19.171  0.000 15.005 12.443  0.000 12.722 12.851 15.147 12.454 
0.310 19.163  0.000 14.998 12.400  0.000 12.696 12.847 15.136 12.427 
0.320 19.153  0.000 14.992 12.359  0.000 12.674 12.843 15.126 12.397 
0.330 19.142  0.000 14.985 12.318  0.000 12.649 12.839 15.117 12.371 
0.340 19.132  0.000 14.978 12.271  0.000 12.629 12.835 15.108 12.340 
0.350 19.121  0.000 14.970 12.224  0.000 12.610 12.831 15.099 12.311 
0.360 19.111  0.000 14.963 12.180  0.000 12.591 12.828 15.089 12.278 
0.370 19.100  0.000 14.956 12.138  0.000 12.572 12.824 15.080 12.245 
0.380 19.089  0.000 14.949 12.091  0.000 12.553 12.819 15.069 12.217 
0.390 19.078  0.000 14.942 12.044  0.000 12.533 12.816 15.058 12.187 
0.400 19.065  0.000 14.935 12.001  0.000 12.514 12.813 15.047 12.155 
0.410 19.052  0.000 14.926 11.956  0.000 12.495 12.810 15.035 12.120 
0.420 19.041  0.000 14.918 11.908  0.000 12.478 12.807 15.024 12.095 
0.430 19.028  0.000 14.911 11.861  0.000 12.462 12.804 15.013 12.065 
0.440 19.016  0.000 14.904 11.821  0.000 12.445 12.801 15.002 12.042 
0.450 19.002  0.000 14.896 11.780  0.000 12.430 12.798 14.990 12.019 
0.460 18.990  0.000 14.888 11.734  0.000 12.415 12.795 14.977 12.000 
0.470 18.974  0.000 14.880 11.697  0.000 12.399 12.792 14.964 11.983 
0.480 18.961  0.000 14.873 11.660  0.000 12.385 12.790 14.952 11.965 
0.490 18.948  0.000 14.864 11.615  0.000 12.372 12.787 14.938 11.946 
0.500 18.932  0.000 14.854 11.564  0.000 12.359 12.784 14.923 11.930 
0.510 18.915  0.000 14.844 11.530  0.000 12.346 12.782 14.911 11.914 
0.520 18.899  0.000 14.835 11.490  0.000 12.335 12.779 14.895 11.899 
0.530 18.883  0.000 14.825 11.451  0.000 12.323 12.777 14.879 11.886 
0.540 18.868  0.000 14.816 11.411  0.000 12.312 12.774 14.864 11.872 
0.550 18.852  0.000 14.810 11.366  0.000 12.301 12.771 14.849 11.859 
0.560 18.836  0.000 14.799 11.326  0.000 12.292 12.769 14.835 11.846 
0.570 18.821  0.000 14.790 11.292  0.000 12.283 12.766 14.821 11.832 
0.580 18.802  0.000 14.779 11.260  0.000 12.274 12.764 14.804 11.818 
0.590 18.786  0.000 14.767 11.229  0.000 12.266 12.762 14.789 11.805 
0.600 18.768  0.000 14.752 11.196  0.000 12.258 12.760 14.774 11.791 
0.610 18.749  0.000 14.739 11.165  0.000 12.252 12.758 14.756 11.779 
0.620 18.731  0.000 14.728 11.138  0.000 12.245 12.756 14.740 11.766 
0.630 18.717  0.000 14.717 11.116  0.000 12.239 12.754 14.725 11.750 
0.640 18.701  0.000 14.705 11.096  0.000 12.232 12.752 14.709 11.738 
0.650 18.684  0.000 14.693 11.076  0.000 12.227 12.750 14.691 11.726 
0.660 18.664  0.000 14.679 11.059  0.000 12.220 12.748 14.674 11.715 
0.670 18.645  0.000 14.665 11.042  0.000 12.214 12.746 14.654 11.704 
0.680 18.625  0.000 14.652 11.024  0.000 12.209 12.744 14.637 11.692 
0.690 18.605  0.000 14.643 11.007  0.000 12.204 12.742 14.621 11.680 
0.700 18.587  0.000 14.634 10.988  0.000 12.199 12.740 14.605 11.666 
0.710 18.563  0.000 14.626 10.970  0.000 12.195 12.738 14.587 11.655 
0.720 18.543  0.000 14.618 10.950  0.000 12.190 12.737 14.568 11.643 
0.730 18.521  0.000 14.607 10.929  0.000 12.185 12.735 14.549 11.630 
0.740 18.497  0.000 14.591 10.910  0.000 12.180 12.734 14.526 11.617 
0.750 18.473  0.000 14.573 10.893  0.000 12.175 12.732 14.503 11.605 
0.760 18.446  0.000 14.559 10.870  0.000 12.170 12.730 14.480 11.591 
0.770 18.417  0.000 14.543 10.850  0.000 12.166 12.729 14.456 11.578 
0.780 18.391  0.000 14.527 10.831  0.000 12.162 12.727 14.432 11.566 
0.790 18.361  0.000 14.515 10.811  0.000 12.158 12.726 14.408 11.553 
0.800 18.330  0.000 14.505 10.789  0.000 12.153 12.724 14.381 11.540 
0.810 18.300  0.000 14.488 10.764  0.000 12.149 12.722 14.347 11.524 
0.820 18.264  0.000 14.471 10.742  0.000 12.144 12.721 14.317 11.507 
0.830 18.230  0.000 14.448 10.717  0.000 12.140 12.719 14.291 11.489 
0.840 18.205  0.000 14.419 10.694  0.000 12.134 12.717 14.262 11.472 
0.850 18.173  0.000 14.390 10.673  0.000 12.130 12.716 14.232 11.454 
0.860 18.133  0.000 14.361 10.650  0.000 12.126 12.714 14.202 11.436 
0.870 18.094  0.000 14.344 10.627  0.000 12.121 12.713 14.170 11.419 
0.880 18.054  0.000 14.334 10.604  0.000 12.117 12.711 14.130 11.396 
0.890 17.999  0.000 14.324 10.583  0.000 12.113 12.709 14.086 11.377 
0.900 17.957  0.000 14.313 10.561  0.000 12.109 12.707 14.048 11.356 
0.910 17.915  0.000 14.282 10.538  0.000 12.105 12.706 14.009 11.335 
0.920 17.860  0.000 14.240 10.508  0.000 12.101 12.704 13.949 11.313 
0.930 17.787  0.000 14.192 10.482  0.000 12.096 12.703 13.880 11.290 
0.940 17.714  0.000 14.139 10.453  0.000 12.092 12.701 13.818 11.260 
0.950 17.633  0.000 14.080 10.425  0.000 12.088 12.700 13.736 11.232 
0.960 17.512  0.000 14.033 10.393  0.000 12.084 12.699 13.633 11.206 
0.970 17.407  0.000 13.991 10.349  0.000 12.079 12.697 13.526 11.167 
0.980 17.302  0.000 13.950 10.304  0.000 12.075 12.696 13.422 11.113 
0.990 17.120  0.000 13.859 10.267  0.000 12.070 12.695 13.244 11.040 
1.000 16.860  0.000 13.745 10.214  0.000 12.065 12.693 13.004 10.952 
