29.9999659
20.000021
15.0
13.9999925
12.9999944
11.9999961
11.5
11.0000048
10.500002875
9.9999989
9.74999489375
9.499999475
9.2499974375
9.0
8.75000024375
8.4999962
8.25000069375
8.0000009
7.75000109375
7.499997025
7.25000144375
7.0
6.74999748125
6.500001875
6.2500018125
6.0000021
5.75000219375
5.49999805
5.25
4.9999988
4.7500014375
4.49999945
4.2499997375
4.0
3.900000784
3.800000768
3.69999906
3.600000092
3.50000045
3.400000528
3.300000731
3.200000672
3.100000656
3.0
2.899999337
2.799999924
2.699999593
2.599999712
2.499999825
2.44999967225
2.400000544
2.34999958125
2.300000033
2.25000008125
2.2
2.15000017325
2.100000434
2.04999955775
2.0000003
1.94999957225
1.899999884
1.849999943
1.799999664
1.749999725
1.699999784
1.64999993375
1.599999896
1.54999975775
1.5
1.44999979175
1.399999808
1.35000008225
1.300000046
1.250000225
1.19999978
1.14999990325
1.099999895
1.04999990775
1.0
0.95000004875
0.899999962
0.85000013875
0.799999856
0.7499999125
0.699999983
0.6500000165
0.6
0.54999997675
0.499999925
0.475000003687
0.449999942
0.4249999715
0.400000028
0.375000051563
0.35000007425
0.324999966875
0.299999948
0.275000041438
0.25
0.225000045938
0.200000048
0.175000041125
0.150000023
0.124999985938
0.100000011
0.074999951625
0.0499999475
0.024999953875
0.0
