#t75/tcc Mc[g] dv[km/s] r_c[pc] L[pc] n_c[cm^-3]
  0.0 1.33314e+38  0.033 21.8 88.0 70.9
  0.0 1.33298e+38  0.067 21.8 88.6 70.9
  0.0 1.33282e+38  0.100 21.8 89.3 70.9
  0.0 1.33266e+38  0.134 21.8 89.9 70.9
  0.1 1.33250e+38  0.167 21.8 90.6 70.9
  0.1 1.33234e+38  0.200 21.8 91.3 70.9
  0.1 1.33217e+38  0.234 21.8 91.9 70.9
  0.1 1.33201e+38  0.267 21.8 92.6 70.9
  0.1 1.33184e+38  0.301 21.8 93.2 70.9
  0.1 1.33167e+38  0.334 21.8 93.9 70.9
  0.1 1.33151e+38  0.367 21.8 94.5 70.9
  0.1 1.33134e+38  0.401 21.8 95.2 70.9
  0.1 1.33116e+38  0.434 21.8 95.9 70.9
  0.1 1.33099e+38  0.467 21.8 96.5 70.9
  0.2 1.33082e+38  0.501 21.8 97.2 70.9
  0.2 1.33064e+38  0.534 21.8 97.8 70.9
  0.2 1.33047e+38  0.568 21.8 98.5 70.9
  0.2 1.33029e+38  0.601 21.8 99.1 70.9
  0.2 1.33011e+38  0.634 21.8 99.8 70.9
  0.2 1.32993e+38  0.668 21.8 100.4 70.9
  0.2 1.32975e+38  0.701 21.8 101.1 70.8
  0.2 1.32957e+38  0.735 21.8 101.8 70.8
  0.2 1.32939e+38  0.768 21.8 102.4 70.8
  0.2 1.32920e+38  0.801 21.8 103.1 70.8
  0.2 1.32902e+38  0.835 21.8 103.7 70.8
  0.3 1.32883e+38  0.868 21.8 104.4 70.8
  0.3 1.32864e+38  0.901 21.8 105.0 70.8
  0.3 1.32845e+38  0.935 21.8 105.7 70.8
  0.3 1.32826e+38  0.968 21.8 106.3 70.8
  0.3 1.32807e+38  1.001 21.8 107.0 70.8
  0.3 1.32788e+38  1.035 21.8 107.7 70.8
  0.3 1.32769e+38  1.068 21.8 108.3 70.8
  0.3 1.32749e+38  1.102 21.8 109.0 70.8
  0.3 1.32730e+38  1.135 21.8 109.6 70.8
  0.3 1.32710e+38  1.168 21.8 110.3 70.8
  0.4 1.32690e+38  1.202 21.8 110.9 70.8
  0.4 1.32670e+38  1.235 21.8 111.6 70.8
  0.4 1.32650e+38  1.268 21.8 112.2 70.8
  0.4 1.32630e+38  1.302 21.8 112.9 70.8
  0.4 1.32610e+38  1.335 21.8 113.6 70.8
  0.4 1.32589e+38  1.368 21.8 114.2 70.8
  0.4 1.32569e+38  1.402 21.8 114.9 70.8
  0.4 1.32548e+38  1.435 21.8 115.5 70.8
  0.4 1.32527e+38  1.468 21.8 116.2 70.8
  0.4 1.32506e+38  1.502 21.8 116.8 70.8
  0.5 1.32485e+38  1.535 21.8 117.5 70.8
  0.5 1.32464e+38  1.568 21.8 118.1 70.8
  0.5 1.32443e+38  1.602 21.8 118.8 70.8
  0.5 1.32422e+38  1.635 21.8 119.5 70.8
  0.5 1.32400e+38  1.668 21.8 120.1 70.8
  0.5 1.32379e+38  1.702 21.8 120.8 70.8
  0.5 1.32357e+38  1.735 21.8 121.4 70.8
  0.5 1.32335e+38  1.768 21.8 122.1 70.8
  0.5 1.32313e+38  1.802 21.8 122.7 70.8
  0.5 1.32291e+38  1.835 21.7 123.4 70.8
  0.6 1.32269e+38  1.868 21.7 124.0 70.8
  0.6 1.32247e+38  1.902 21.7 124.7 70.7
  0.6 1.32225e+38  1.935 21.7 125.4 70.7
  0.6 1.32202e+38  1.968 21.7 126.0 70.7
  0.6 1.32179e+38  2.002 21.7 126.7 70.7
  0.6 1.32157e+38  2.035 21.7 127.3 70.7
  0.6 1.32134e+38  2.068 21.7 128.0 70.7
  0.6 1.32111e+38  2.102 21.7 128.6 70.7
  0.6 1.32088e+38  2.135 21.7 129.3 70.7
  0.6 1.32065e+38  2.168 21.7 129.9 70.7
  0.7 1.32041e+38  2.202 21.7 130.6 70.7
  0.7 1.32018e+38  2.235 21.7 131.3 70.7
  0.7 1.31994e+38  2.268 21.7 131.9 70.7
  0.7 1.31971e+38  2.302 21.7 132.6 70.7
  0.7 1.31947e+38  2.335 21.7 133.2 70.7
  0.7 1.31923e+38  2.368 21.7 133.9 70.7
  0.7 1.31899e+38  2.402 21.7 134.5 70.7
  0.7 1.31875e+38  2.435 21.7 135.2 70.7
  0.7 1.31851e+38  2.468 21.7 135.8 70.7
  0.7 1.31826e+38  2.501 21.7 136.5 70.7
  0.8 1.31802e+38  2.535 21.7 137.2 70.7
  0.8 1.31777e+38  2.568 21.7 137.8 70.7
  0.8 1.31752e+38  2.601 21.7 138.5 70.7
  0.8 1.31728e+38  2.635 21.7 139.1 70.7
  0.8 1.31703e+38  2.668 21.7 139.8 70.7
  0.8 1.31678e+38  2.701 21.7 140.4 70.7
  0.8 1.31652e+38  2.735 21.7 141.1 70.7
  0.8 1.31627e+38  2.768 21.7 141.7 70.7
  0.8 1.31602e+38  2.801 21.7 142.4 70.7
  0.8 1.31576e+38  2.834 21.7 143.1 70.7
  0.9 1.31551e+38  2.868 21.7 143.7 70.7
  0.9 1.31525e+38  2.901 21.7 144.4 70.7
  0.9 1.31499e+38  2.934 21.7 145.0 70.7
  0.9 1.31473e+38  2.968 21.7 145.7 70.7
  0.9 1.31447e+38  3.001 21.7 146.3 70.7
  0.9 1.31421e+38  3.034 21.7 147.0 70.7
  0.9 1.31394e+38  3.067 21.7 147.6 70.7
  0.9 1.31368e+38  3.101 21.7 148.3 70.6
  0.9 1.31341e+38  3.134 21.7 149.0 70.6
  0.9 1.31315e+38  3.167 21.7 149.6 70.6
  1.0 1.31288e+38  3.201 21.7 150.3 70.6
  1.0 1.31261e+38  3.234 21.7 150.9 70.6
  1.0 1.31234e+38  3.267 21.7 151.6 70.6
  1.0 1.31207e+38  3.300 21.7 152.2 70.6
  1.0 1.31180e+38  3.334 21.7 152.9 70.6
  1.0 1.31152e+38  3.367 21.7 153.5 70.6
  1.0 1.31125e+38  3.400 21.7 154.2 70.6
  1.0 1.31097e+38  3.433 21.6 154.9 70.6
  1.0 1.31069e+38  3.467 21.6 155.5 70.6
  1.0 1.31042e+38  3.500 21.6 156.2 70.6
  1.1 1.31014e+38  3.533 21.6 156.8 70.6
  1.1 1.30985e+38  3.566 21.6 157.5 70.6
  1.1 1.30957e+38  3.600 21.6 158.1 70.6
  1.1 1.30929e+38  3.633 21.6 158.8 70.6
  1.1 1.30901e+38  3.666 21.6 159.4 70.6
  1.1 1.30872e+38  3.699 21.6 160.1 70.6
  1.1 1.30843e+38  3.733 21.6 160.8 70.6
  1.1 1.30815e+38  3.766 21.6 161.4 70.6
  1.1 1.30786e+38  3.799 21.6 162.1 70.6
  1.1 1.30757e+38  3.833 21.6 162.7 70.6
  1.2 1.30728e+38  3.866 21.6 163.4 70.6
  1.2 1.30698e+38  3.899 21.6 164.0 70.6
  1.2 1.30669e+38  3.932 21.6 164.7 70.6
  1.2 1.30640e+38  3.966 21.6 165.3 70.6
  1.2 1.30610e+38  3.999 21.6 166.0 70.6
  1.2 1.30580e+38  4.032 21.6 166.7 70.6
  1.2 1.30551e+38  4.065 21.6 167.3 70.6
  1.2 1.30521e+38  4.098 21.6 168.0 70.6
  1.2 1.30491e+38  4.132 21.6 168.6 70.6
  1.3 1.30460e+38  4.165 21.6 169.3 70.6
  1.3 1.30430e+38  4.198 21.6 169.9 70.6
  1.3 1.30400e+38  4.231 21.6 170.6 70.6
  1.3 1.30369e+38  4.265 21.6 171.2 70.6
  1.3 1.30339e+38  4.298 21.6 171.9 70.5
  1.3 1.30308e+38  4.331 21.6 172.5 70.5
  1.3 1.30277e+38  4.364 21.6 173.2 70.5
  1.3 1.30246e+38  4.398 21.6 173.9 70.5
  1.3 1.30215e+38  4.431 21.6 174.5 70.5
  1.3 1.30184e+38  4.464 21.6 175.2 70.5
  1.4 1.30153e+38  4.497 21.6 175.8 70.5
  1.4 1.30121e+38  4.530 21.6 176.5 70.5
  1.4 1.30090e+38  4.564 21.6 177.1 70.5
  1.4 1.30058e+38  4.597 21.6 177.8 70.5
  1.4 1.30026e+38  4.630 21.6 178.4 70.5
  1.4 1.29994e+38  4.663 21.6 179.1 70.5
  1.4 1.29962e+38  4.697 21.6 179.8 70.5
  1.4 1.29930e+38  4.730 21.6 180.4 70.5
  1.4 1.29898e+38  4.763 21.6 181.1 70.5
  1.4 1.29866e+38  4.796 21.5 181.7 70.5
  1.5 1.29833e+38  4.829 21.5 182.4 70.5
  1.5 1.29801e+38  4.863 21.5 183.0 70.5
  1.5 1.29768e+38  4.896 21.5 183.7 70.5
  1.5 1.29735e+38  4.929 21.5 184.3 70.5
  1.5 1.29702e+38  4.962 21.5 185.0 70.5
  1.5 1.29669e+38  4.996 21.5 185.7 70.5
  1.5 1.29636e+38  5.029 21.5 186.3 70.5
  1.5 1.29603e+38  5.062 21.5 187.0 70.5
  1.5 1.29570e+38  5.095 21.5 187.6 70.5
  1.5 1.29536e+38  5.128 21.5 188.3 70.5
  1.6 1.29502e+38  5.162 21.5 188.9 70.5
  1.6 1.29469e+38  5.195 21.5 189.6 70.5
  1.6 1.29435e+38  5.228 21.5 190.2 70.5
  1.6 1.29401e+38  5.261 21.5 190.9 70.5
  1.6 1.29367e+38  5.294 21.5 191.5 70.5
  1.6 1.29333e+38  5.327 21.5 192.2 70.5
  1.6 1.29298e+38  5.361 21.5 192.9 70.5
  1.6 1.29264e+38  5.394 21.5 193.5 70.5
  1.6 1.29230e+38  5.427 21.5 194.2 70.5
  1.6 1.29195e+38  5.460 21.5 194.8 70.5
  1.7 1.29160e+38  5.493 21.5 195.5 70.4
  1.7 1.29125e+38  5.527 21.5 196.1 70.4
  1.7 1.29090e+38  5.560 21.5 196.8 70.4
  1.7 1.29055e+38  5.593 21.5 197.4 70.4
  1.7 1.29020e+38  5.626 21.5 198.1 70.4
  1.7 1.28985e+38  5.659 21.5 198.8 70.4
  1.7 1.28949e+38  5.693 21.5 199.4 70.4
  1.7 1.28914e+38  5.726 21.5 200.1 70.4
  1.7 1.28878e+38  5.759 21.5 200.7 70.4
  1.7 1.28842e+38  5.792 21.5 201.4 70.4
  1.8 1.28806e+38  5.825 21.5 202.0 70.4
  1.8 1.28770e+38  5.858 21.5 202.7 70.4
  1.8 1.28734e+38  5.892 21.5 203.3 70.4
  1.8 1.28698e+38  5.925 21.5 204.0 70.4
  1.8 1.28662e+38  5.958 21.4 204.6 70.4
  1.8 1.28625e+38  5.991 21.4 205.3 70.4
  1.8 1.28589e+38  6.024 21.4 206.0 70.4
  1.8 1.28552e+38  6.057 21.4 206.6 70.4
  1.8 1.28515e+38  6.091 21.4 207.3 70.4
  1.8 1.28478e+38  6.124 21.4 207.9 70.4
  1.9 1.28441e+38  6.157 21.4 208.6 70.4
  1.9 1.28404e+38  6.190 21.4 209.2 70.4
  1.9 1.28367e+38  6.223 21.4 209.9 70.4
  1.9 1.28329e+38  6.256 21.4 210.5 70.4
  1.9 1.28292e+38  6.290 21.4 211.2 70.4
  1.9 1.28254e+38  6.323 21.4 211.8 70.4
  1.9 1.28216e+38  6.356 21.4 212.5 70.4
  1.9 1.28179e+38  6.389 21.4 213.2 70.4
  1.9 1.28141e+38  6.422 21.4 213.8 70.4
  1.9 1.28102e+38  6.455 21.4 214.5 70.4
  2.0 1.28064e+38  6.488 21.4 215.1 70.4
  2.0 1.28026e+38  6.522 21.4 215.8 70.4
  2.0 1.27988e+38  6.555 21.4 216.4 70.4
  2.0 1.27949e+38  6.588 21.4 217.1 70.4
  2.0 1.27910e+38  6.621 21.4 217.7 70.4
  2.0 1.27872e+38  6.654 21.4 218.4 70.4
  2.0 1.27833e+38  6.687 21.4 219.1 70.4
  2.0 1.27794e+38  6.720 21.4 219.7 70.3
  2.0 1.27755e+38  6.754 21.4 220.4 70.3
  2.0 1.27715e+38  6.787 21.4 221.0 70.3
  2.1 1.27676e+38  6.820 21.4 221.7 70.3
  2.1 1.27637e+38  6.853 21.4 222.3 70.3
  2.1 1.27597e+38  6.886 21.4 223.0 70.3
  2.1 1.27557e+38  6.919 21.4 223.6 70.3
  2.1 1.27518e+38  6.952 21.4 224.3 70.3
  2.1 1.27478e+38  6.985 21.3 224.9 70.3
  2.1 1.27438e+38  7.019 21.3 225.6 70.3
  2.1 1.27398e+38  7.052 21.3 226.2 70.3
  2.1 1.27357e+38  7.085 21.3 226.9 70.3
  2.1 1.27317e+38  7.118 21.3 227.5 70.3
  2.2 1.27277e+38  7.151 21.3 228.2 70.3
  2.2 1.27236e+38  7.184 21.3 228.8 70.3
  2.2 1.27195e+38  7.217 21.3 229.5 70.3
  2.2 1.27155e+38  7.250 21.3 230.1 70.3
  2.2 1.27114e+38  7.284 21.3 230.7 70.3
  2.2 1.27073e+38  7.317 21.3 231.4 70.3
  2.2 1.27031e+38  7.350 21.3 232.0 70.3
  2.2 1.26990e+38  7.383 21.3 232.7 70.3
  2.2 1.26949e+38  7.416 21.3 233.3 70.3
  2.2 1.26907e+38  7.449 21.3 234.0 70.3
  2.3 1.26866e+38  7.482 21.3 234.6 70.3
  2.3 1.26824e+38  7.515 21.3 235.2 70.3
  2.3 1.26782e+38  7.548 21.3 235.9 70.3
  2.3 1.26740e+38  7.582 21.3 236.5 70.3
  2.3 1.26698e+38  7.615 21.3 237.1 70.3
  2.3 1.26656e+38  7.648 21.3 237.8 70.3
  2.3 1.26614e+38  7.681 21.3 238.4 70.3
  2.3 1.26572e+38  7.714 21.3 239.0 70.3
  2.3 1.26529e+38  7.747 21.3 239.7 70.3
  2.3 1.26487e+38  7.780 21.3 240.3 70.3
  2.4 1.26444e+38  7.813 21.3 240.9 70.3
  2.4 1.26401e+38  7.846 21.3 241.6 70.3
  2.4 1.26358e+38  7.879 21.3 242.2 70.3
  2.4 1.26315e+38  7.913 21.3 242.8 70.2
  2.4 1.26272e+38  7.946 21.2 243.5 70.2
  2.4 1.26229e+38  7.979 21.2 244.1 70.2
  2.4 1.26185e+38  8.012 21.2 244.7 70.2
  2.4 1.26142e+38  8.045 21.2 245.3 70.2
  2.4 1.26098e+38  8.078 21.2 246.0 70.2
  2.4 1.26055e+38  8.111 21.2 246.6 70.2
  2.5 1.26011e+38  8.144 21.2 247.2 70.2
  2.5 1.25967e+38  8.177 21.2 247.8 70.2
  2.5 1.25923e+38  8.210 21.2 248.5 70.2
  2.5 1.25879e+38  8.243 21.2 249.1 70.2
  2.5 1.25835e+38  8.276 21.2 249.7 70.2
  2.5 1.25790e+38  8.310 21.2 250.3 70.2
  2.5 1.25746e+38  8.343 21.2 250.9 70.2
  2.5 1.25701e+38  8.376 21.2 251.6 70.2
  2.5 1.25657e+38  8.409 21.2 252.2 70.2
  2.5 1.25612e+38  8.442 21.2 252.8 70.2
  2.6 1.25567e+38  8.475 21.2 253.4 70.2
  2.6 1.25522e+38  8.508 21.2 254.0 70.2
  2.6 1.25477e+38  8.541 21.2 254.7 70.2
  2.6 1.25432e+38  8.574 21.2 255.3 70.2
  2.6 1.25387e+38  8.607 21.2 255.9 70.2
  2.6 1.25341e+38  8.640 21.2 256.5 70.2
  2.6 1.25296e+38  8.673 21.2 257.1 70.2
  2.6 1.25250e+38  8.706 21.2 257.7 70.2
  2.6 1.25204e+38  8.739 21.2 258.3 70.2
  2.6 1.25159e+38  8.772 21.2 259.0 70.2
  2.7 1.25113e+38  8.806 21.1 259.6 70.2
  2.7 1.25067e+38  8.839 21.1 260.2 70.2
  2.7 1.25021e+38  8.872 21.1 260.8 70.2
  2.7 1.24974e+38  8.905 21.1 261.4 70.2
  2.7 1.24928e+38  8.938 21.1 262.0 70.2
  2.7 1.24882e+38  8.971 21.1 262.6 70.2
  2.7 1.24835e+38  9.004 21.1 263.2 70.2
  2.7 1.24788e+38  9.037 21.1 263.8 70.2
  2.7 1.24742e+38  9.070 21.1 264.4 70.2
  2.7 1.24695e+38  9.103 21.1 265.0 70.2
  2.8 1.24648e+38  9.136 21.1 265.6 70.1
  2.8 1.24601e+38  9.169 21.1 266.2 70.1
  2.8 1.24553e+38  9.202 21.1 266.8 70.1
  2.8 1.24506e+38  9.235 21.1 267.4 70.1
  2.8 1.24459e+38  9.268 21.1 268.1 70.1
  2.8 1.24411e+38  9.301 21.1 268.7 70.1
  2.8 1.24364e+38  9.334 21.1 269.3 70.1
  2.8 1.24316e+38  9.367 21.1 269.9 70.1
  2.8 1.24268e+38  9.400 21.1 270.5 70.1
  2.8 1.24220e+38  9.433 21.1 271.1 70.1
  2.9 1.24172e+38  9.466 21.1 271.7 70.1
  2.9 1.24124e+38  9.499 21.1 272.3 70.1
  2.9 1.24076e+38  9.532 21.1 272.8 70.1
  2.9 1.24028e+38  9.566 21.1 273.4 70.1
  2.9 1.23979e+38  9.599 21.1 274.0 70.1
  2.9 1.23931e+38  9.632 21.0 274.6 70.1
  2.9 1.23882e+38  9.665 21.0 275.2 70.1
  2.9 1.23833e+38  9.698 21.0 275.8 70.1
  2.9 1.23784e+38  9.731 21.0 276.4 70.1
  2.9 1.23736e+38  9.764 21.0 277.0 70.1
  3.0 1.23687e+38  9.797 21.0 277.6 70.1
  3.0 1.23637e+38  9.830 21.0 278.2 70.1
  3.0 1.23588e+38  9.863 21.0 278.8 70.1
  3.0 1.23539e+38  9.896 21.0 279.4 70.1
  3.0 1.23489e+38  9.929 21.0 280.0 70.1
  3.0 1.23440e+38  9.962 21.0 280.6 70.1
  3.0 1.23390e+38  9.995 21.0 281.1 70.1
  3.0 1.23340e+38 10.028 21.0 281.7 70.1
  3.0 1.23291e+38 10.061 21.0 282.3 70.1
  3.0 1.23241e+38 10.094 21.0 282.9 70.1
  3.1 1.23191e+38 10.127 21.0 283.5 70.1
  3.1 1.23140e+38 10.160 21.0 284.1 70.1
  3.1 1.23090e+38 10.193 21.0 284.7 70.1
  3.1 1.23040e+38 10.226 21.0 285.3 70.1
  3.1 1.22989e+38 10.259 21.0 285.8 70.1
  3.1 1.22939e+38 10.292 21.0 286.4 70.1
  3.1 1.22888e+38 10.325 21.0 287.0 70.0
  3.1 1.22837e+38 10.358 21.0 287.6 70.0
  3.1 1.22786e+38 10.391 21.0 288.2 70.0
  3.1 1.22736e+38 10.424 20.9 288.8 70.0
  3.2 1.22684e+38 10.457 20.9 289.3 70.0
  3.2 1.22633e+38 10.490 20.9 289.9 70.0
  3.2 1.22582e+38 10.523 20.9 290.5 70.0
  3.2 1.22531e+38 10.556 20.9 291.1 70.0
  3.2 1.22479e+38 10.589 20.9 291.7 70.0
  3.2 1.22428e+38 10.622 20.9 292.2 70.0
  3.2 1.22376e+38 10.655 20.9 292.8 70.0
  3.2 1.22324e+38 10.688 20.9 293.4 70.0
  3.2 1.22272e+38 10.721 20.9 294.0 70.0
  3.2 1.22220e+38 10.754 20.9 294.5 70.0
  3.3 1.22168e+38 10.787 20.9 295.1 70.0
  3.3 1.22116e+38 10.820 20.9 295.7 70.0
  3.3 1.22064e+38 10.853 20.9 296.3 70.0
  3.3 1.22012e+38 10.886 20.9 296.8 70.0
  3.3 1.21959e+38 10.919 20.9 297.4 70.0
  3.3 1.21907e+38 10.951 20.9 298.0 70.0
  3.3 1.21854e+38 10.984 20.9 298.6 70.0
  3.3 1.21801e+38 11.017 20.9 299.1 70.0
  3.3 1.21748e+38 11.050 20.9 299.7 70.0
  3.3 1.21696e+38 11.083 20.9 300.3 70.0
  3.4 1.21643e+38 11.116 20.9 300.8 70.0
  3.4 1.21589e+38 11.149 20.9 301.4 70.0
  3.4 1.21536e+38 11.182 20.8 302.0 70.0
  3.4 1.21483e+38 11.215 20.8 302.6 70.0
  3.4 1.21429e+38 11.248 20.8 303.1 70.0
  3.4 1.21376e+38 11.281 20.8 303.7 70.0
  3.4 1.21322e+38 11.314 20.8 304.3 70.0
  3.4 1.21269e+38 11.347 20.8 304.8 70.0
  3.4 1.21215e+38 11.380 20.8 305.4 70.0
  3.4 1.21161e+38 11.413 20.8 306.0 70.0
  3.5 1.21107e+38 11.446 20.8 306.5 70.0
  3.5 1.21053e+38 11.479 20.8 307.1 70.0
  3.5 1.20999e+38 11.512 20.8 307.6 70.0
  3.5 1.20944e+38 11.545 20.8 308.2 69.9
  3.5 1.20890e+38 11.578 20.8 308.8 69.9
  3.5 1.20835e+38 11.611 20.8 309.3 69.9
  3.5 1.20781e+38 11.644 20.8 309.9 69.9
  3.5 1.20726e+38 11.677 20.8 310.5 69.9
  3.5 1.20671e+38 11.710 20.8 311.0 69.9
  3.5 1.20616e+38 11.742 20.8 311.6 69.9
  3.6 1.20562e+38 11.775 20.8 312.1 69.9
  3.6 1.20506e+38 11.808 20.8 312.7 69.9
  3.6 1.20451e+38 11.841 20.8 313.3 69.9
  3.6 1.20396e+38 11.874 20.7 313.8 69.9
  3.6 1.20341e+38 11.907 20.7 314.4 69.9
  3.6 1.20285e+38 11.940 20.7 314.9 69.9
  3.6 1.20230e+38 11.973 20.7 315.5 69.9
  3.6 1.20174e+38 12.006 20.7 316.0 69.9
  3.6 1.20118e+38 12.039 20.7 316.6 69.9
  3.6 1.20063e+38 12.072 20.7 317.2 69.9
  3.7 1.20007e+38 12.105 20.7 317.7 69.9
  3.7 1.19951e+38 12.138 20.7 318.3 69.9
  3.7 1.19895e+38 12.171 20.7 318.8 69.9
  3.7 1.19838e+38 12.204 20.7 319.4 69.9
  3.7 1.19782e+38 12.236 20.7 319.9 69.9
  3.7 1.19726e+38 12.269 20.7 320.5 69.9
  3.7 1.19669e+38 12.302 20.7 321.0 69.9
  3.7 1.19613e+38 12.335 20.7 321.6 69.9
  3.7 1.19556e+38 12.368 20.7 322.1 69.9
  3.7 1.19499e+38 12.401 20.7 322.7 69.9
  3.8 1.19442e+38 12.434 20.7 323.2 69.9
  3.8 1.19385e+38 12.467 20.7 323.8 69.9
  3.8 1.19328e+38 12.500 20.7 324.3 69.9
  3.8 1.19271e+38 12.533 20.7 324.9 69.9
  3.8 1.19214e+38 12.566 20.6 325.4 69.9
  3.8 1.19157e+38 12.599 20.6 326.0 69.9
  3.8 1.19099e+38 12.631 20.6 326.5 69.9
  3.8 1.19042e+38 12.664 20.6 327.1 69.9
  3.8 1.18984e+38 12.697 20.6 327.6 69.9
  3.8 1.18926e+38 12.730 20.6 328.2 69.8
  3.9 1.18869e+38 12.763 20.6 328.7 69.8
  3.9 1.18811e+38 12.796 20.6 329.2 69.8
  3.9 1.18753e+38 12.829 20.6 329.8 69.8
  3.9 1.18695e+38 12.862 20.6 330.3 69.8
  3.9 1.18637e+38 12.895 20.6 330.9 69.8
  3.9 1.18578e+38 12.928 20.6 331.4 69.8
  3.9 1.18520e+38 12.960 20.6 332.0 69.8
  3.9 1.18462e+38 12.993 20.6 332.5 69.8
  3.9 1.18403e+38 13.026 20.6 333.0 69.8
  3.9 1.18344e+38 13.059 20.6 333.6 69.8
  4.0 1.18286e+38 13.092 20.6 334.1 69.8
  4.0 1.18227e+38 13.125 20.6 334.7 69.8
  4.0 1.18168e+38 13.158 20.6 335.2 69.8
  4.0 1.18109e+38 13.191 20.5 335.7 69.8
  4.0 1.18050e+38 13.224 20.5 336.3 69.8
  4.0 1.17991e+38 13.256 20.5 336.8 69.8
  4.0 1.17931e+38 13.289 20.5 337.4 69.8
  4.0 1.17872e+38 13.322 20.5 337.9 69.8
  4.0 1.17813e+38 13.355 20.5 338.4 69.8
  4.0 1.17753e+38 13.388 20.5 339.0 69.8
  4.1 1.17694e+38 13.421 20.5 339.5 69.8
  4.1 1.17634e+38 13.454 20.5 340.0 69.8
  4.1 1.17574e+38 13.487 20.5 340.6 69.8
  4.1 1.17514e+38 13.519 20.5 341.1 69.8
  4.1 1.17454e+38 13.552 20.5 341.6 69.8
  4.1 1.17394e+38 13.585 20.5 342.2 69.8
  4.1 1.17334e+38 13.618 20.5 342.7 69.8
  4.1 1.17274e+38 13.651 20.5 343.2 69.8
  4.1 1.17213e+38 13.684 20.5 343.8 69.8
  4.1 1.17153e+38 13.717 20.5 344.3 69.8
  4.2 1.17092e+38 13.750 20.5 344.8 69.8
  4.2 1.17032e+38 13.782 20.5 345.4 69.8
  4.2 1.16971e+38 13.815 20.5 345.9 69.8
  4.2 1.16910e+38 13.848 20.4 346.4 69.8
  4.2 1.16849e+38 13.881 20.4 346.9 69.8
  4.2 1.16788e+38 13.914 20.4 347.5 69.8
  4.2 1.16727e+38 13.947 20.4 348.0 69.7
  4.2 1.16666e+38 13.980 20.4 348.5 69.7
  4.2 1.16605e+38 14.012 20.4 349.1 69.7
  4.2 1.16544e+38 14.045 20.4 349.6 69.7
  4.3 1.16482e+38 14.078 20.4 350.1 69.7
  4.3 1.16421e+38 14.111 20.4 350.6 69.7
  4.3 1.16359e+38 14.144 20.4 351.2 69.7
  4.3 1.16297e+38 14.177 20.4 351.7 69.7
  4.3 1.16236e+38 14.209 20.4 352.2 69.7
  4.3 1.16174e+38 14.242 20.4 352.7 69.7
  4.3 1.16112e+38 14.275 20.4 353.3 69.7
  4.3 1.16050e+38 14.308 20.4 353.8 69.7
  4.3 1.15988e+38 14.341 20.4 354.3 69.7
  4.3 1.15925e+38 14.374 20.4 354.8 69.7
  4.4 1.15863e+38 14.407 20.4 355.3 69.7
  4.4 1.15801e+38 14.439 20.3 355.9 69.7
  4.4 1.15738e+38 14.472 20.3 356.4 69.7
  4.4 1.15676e+38 14.505 20.3 356.9 69.7
  4.4 1.15613e+38 14.538 20.3 357.4 69.7
  4.4 1.15550e+38 14.571 20.3 357.9 69.7
  4.4 1.15487e+38 14.604 20.3 358.5 69.7
  4.4 1.15425e+38 14.636 20.3 359.0 69.7
  4.4 1.15362e+38 14.669 20.3 359.5 69.7
  4.4 1.15298e+38 14.702 20.3 360.0 69.7
  4.5 1.15235e+38 14.735 20.3 360.5 69.7
  4.5 1.15172e+38 14.768 20.3 361.1 69.7
  4.5 1.15109e+38 14.800 20.3 361.6 69.7
  4.5 1.15045e+38 14.833 20.3 362.1 69.7
  4.5 1.14982e+38 14.866 20.3 362.6 69.7
  4.5 1.14918e+38 14.899 20.3 363.1 69.7
  4.5 1.14854e+38 14.932 20.3 363.6 69.7
  4.5 1.14791e+38 14.965 20.3 364.1 69.7
  4.5 1.14727e+38 14.997 20.3 364.7 69.7
  4.5 1.14663e+38 15.030 20.2 365.2 69.7
  4.6 1.14599e+38 15.063 20.2 365.7 69.7
  4.6 1.14535e+38 15.096 20.2 366.2 69.7
  4.6 1.14470e+38 15.129 20.2 366.7 69.7
  4.6 1.14406e+38 15.161 20.2 367.2 69.6
  4.6 1.14342e+38 15.194 20.2 367.7 69.6
  4.6 1.14277e+38 15.227 20.2 368.2 69.6
  4.6 1.14213e+38 15.260 20.2 368.8 69.6
  4.6 1.14148e+38 15.293 20.2 369.3 69.6
  4.6 1.14083e+38 15.325 20.2 369.8 69.6
  4.6 1.14018e+38 15.358 20.2 370.3 69.6
  4.7 1.13953e+38 15.391 20.2 370.8 69.6
  4.7 1.13889e+38 15.424 20.2 371.3 69.6
  4.7 1.13823e+38 15.457 20.2 371.8 69.6
  4.7 1.13758e+38 15.489 20.2 372.3 69.6
  4.7 1.13693e+38 15.522 20.2 372.8 69.6
  4.7 1.13628e+38 15.555 20.2 373.3 69.6
  4.7 1.13562e+38 15.588 20.2 373.8 69.6
  4.7 1.13497e+38 15.621 20.1 374.3 69.6
  4.7 1.13431e+38 15.653 20.1 374.9 69.6
  4.7 1.13366e+38 15.686 20.1 375.4 69.6
  4.8 1.13300e+38 15.719 20.1 375.9 69.6
  4.8 1.13234e+38 15.752 20.1 376.4 69.6
  4.8 1.13168e+38 15.785 20.1 376.9 69.6
  4.8 1.13102e+38 15.817 20.1 377.4 69.6
  4.8 1.13036e+38 15.850 20.1 377.9 69.6
  4.8 1.12970e+38 15.883 20.1 378.4 69.6
  4.8 1.12903e+38 15.916 20.1 378.9 69.6
  4.8 1.12837e+38 15.948 20.1 379.4 69.6
  4.8 1.12771e+38 15.981 20.1 379.9 69.6
  4.8 1.12704e+38 16.014 20.1 380.4 69.6
  4.9 1.12638e+38 16.047 20.1 380.9 69.6
  4.9 1.12571e+38 16.080 20.1 381.4 69.6
  4.9 1.12504e+38 16.112 20.1 381.9 69.6
  4.9 1.12437e+38 16.145 20.0 382.4 69.6
  4.9 1.12370e+38 16.178 20.0 382.9 69.6
  4.9 1.12303e+38 16.211 20.0 383.4 69.6
  4.9 1.12236e+38 16.243 20.0 383.9 69.6
  4.9 1.12169e+38 16.276 20.0 384.4 69.6
  4.9 1.12102e+38 16.309 20.0 384.9 69.6
  4.9 1.12034e+38 16.342 20.0 385.4 69.6
  5.0 1.11967e+38 16.374 20.0 385.9 69.5
  5.0 1.11899e+38 16.407 20.0 386.4 69.5
  5.0 1.11832e+38 16.440 20.0 386.9 69.5
  5.0 1.11764e+38 16.473 20.0 387.4 69.5
  5.0 1.11696e+38 16.506 20.0 387.8 69.5
  5.0 1.11629e+38 16.538 20.0 388.3 69.5
  5.0 1.11561e+38 16.571 20.0 388.8 69.5
  5.0 1.11493e+38 16.604 20.0 389.3 69.5
  5.0 1.11425e+38 16.637 20.0 389.8 69.5
  5.0 1.11356e+38 16.669 20.0 390.3 69.5
  5.1 1.11288e+38 16.702 19.9 390.8 69.5
  5.1 1.11220e+38 16.735 19.9 391.3 69.5
  5.1 1.11151e+38 16.768 19.9 391.8 69.5
  5.1 1.11083e+38 16.800 19.9 392.3 69.5
  5.1 1.11014e+38 16.833 19.9 392.8 69.5
  5.1 1.10946e+38 16.866 19.9 393.3 69.5
  5.1 1.10877e+38 16.898 19.9 393.7 69.5
  5.1 1.10808e+38 16.931 19.9 394.2 69.5
  5.1 1.10739e+38 16.964 19.9 394.7 69.5
  5.1 1.10670e+38 16.997 19.9 395.2 69.5
  5.2 1.10601e+38 17.029 19.9 395.7 69.5
  5.2 1.10532e+38 17.062 19.9 396.2 69.5
  5.2 1.10463e+38 17.095 19.9 396.7 69.5
  5.2 1.10393e+38 17.128 19.9 397.2 69.5
  5.2 1.10324e+38 17.160 19.9 397.7 69.5
  5.2 1.10254e+38 17.193 19.9 398.1 69.5
  5.2 1.10185e+38 17.226 19.8 398.6 69.5
  5.2 1.10115e+38 17.259 19.8 399.1 69.5
  5.2 1.10046e+38 17.291 19.8 399.6 69.5
  5.2 1.09976e+38 17.324 19.8 400.1 69.5
  5.3 1.09906e+38 17.357 19.8 400.6 69.5
  5.3 1.09836e+38 17.389 19.8 401.0 69.5
  5.3 1.09766e+38 17.422 19.8 401.5 69.5
  5.3 1.09696e+38 17.455 19.8 402.0 69.5
  5.3 1.09625e+38 17.488 19.8 402.5 69.5
  5.3 1.09555e+38 17.520 19.8 403.0 69.5
  5.3 1.09485e+38 17.553 19.8 403.5 69.5
  5.3 1.09414e+38 17.586 19.8 403.9 69.4
  5.3 1.09344e+38 17.618 19.8 404.4 69.4
  5.3 1.09273e+38 17.651 19.8 404.9 69.4
  5.3 1.09203e+38 17.684 19.8 405.4 69.4
  5.4 1.09132e+38 17.717 19.8 405.9 69.4
  5.4 1.09061e+38 17.749 19.7 406.3 69.4
  5.4 1.08990e+38 17.782 19.7 406.8 69.4
  5.4 1.08919e+38 17.815 19.7 407.3 69.4
  5.4 1.08848e+38 17.847 19.7 407.8 69.4
  5.4 1.08777e+38 17.880 19.7 408.3 69.4
  5.4 1.08706e+38 17.913 19.7 408.7 69.4
  5.4 1.08634e+38 17.946 19.7 409.2 69.4
  5.4 1.08563e+38 17.978 19.7 409.7 69.4
  5.4 1.08491e+38 18.011 19.7 410.2 69.4
  5.5 1.08420e+38 18.044 19.7 410.6 69.4
  5.5 1.08348e+38 18.076 19.7 411.1 69.4
  5.5 1.08276e+38 18.109 19.7 411.6 69.4
  5.5 1.08205e+38 18.142 19.7 412.1 69.4
  5.5 1.08133e+38 18.174 19.7 412.5 69.4
  5.5 1.08061e+38 18.207 19.7 413.0 69.4
  5.5 1.07989e+38 18.240 19.6 413.5 69.4
  5.5 1.07917e+38 18.272 19.6 414.0 69.4
  5.5 1.07844e+38 18.305 19.6 414.4 69.4
  5.5 1.07772e+38 18.338 19.6 414.9 69.4
  5.6 1.07700e+38 18.371 19.6 415.4 69.4
  5.6 1.07627e+38 18.403 19.6 415.8 69.4
  5.6 1.07555e+38 18.436 19.6 416.3 69.4
  5.6 1.07482e+38 18.469 19.6 416.8 69.4
  5.6 1.07410e+38 18.501 19.6 417.3 69.4
  5.6 1.07337e+38 18.534 19.6 417.7 69.4
  5.6 1.07264e+38 18.567 19.6 418.2 69.4
  5.6 1.07191e+38 18.599 19.6 418.7 69.4
  5.6 1.07118e+38 18.632 19.6 419.1 69.4
  5.6 1.07045e+38 18.665 19.6 419.6 69.4
  5.7 1.06972e+38 18.697 19.6 420.1 69.4
  5.7 1.06899e+38 18.730 19.5 420.5 69.4
  5.7 1.06826e+38 18.763 19.5 421.0 69.4
  5.7 1.06752e+38 18.795 19.5 421.5 69.3
  5.7 1.06679e+38 18.828 19.5 421.9 69.3
  5.7 1.06605e+38 18.861 19.5 422.4 69.3
  5.7 1.06532e+38 18.893 19.5 422.9 69.3
  5.7 1.06458e+38 18.926 19.5 423.3 69.3
  5.7 1.06384e+38 18.959 19.5 423.8 69.3
  5.7 1.06311e+38 18.991 19.5 424.3 69.3
  5.8 1.06237e+38 19.024 19.5 424.7 69.3
  5.8 1.06163e+38 19.057 19.5 425.2 69.3
  5.8 1.06089e+38 19.089 19.5 425.7 69.3
  5.8 1.06015e+38 19.122 19.5 426.1 69.3
  5.8 1.05940e+38 19.155 19.5 426.6 69.3
  5.8 1.05866e+38 19.187 19.5 427.1 69.3
  5.8 1.05792e+38 19.220 19.4 427.5 69.3
  5.8 1.05717e+38 19.253 19.4 428.0 69.3
  5.8 1.05643e+38 19.285 19.4 428.4 69.3
  5.8 1.05568e+38 19.318 19.4 428.9 69.3
  5.9 1.05494e+38 19.350 19.4 429.4 69.3
  5.9 1.05419e+38 19.383 19.4 429.8 69.3
  5.9 1.05344e+38 19.416 19.4 430.3 69.3
  5.9 1.05269e+38 19.448 19.4 430.7 69.3
  5.9 1.05194e+38 19.481 19.4 431.2 69.3
  5.9 1.05119e+38 19.514 19.4 431.7 69.3
  5.9 1.05044e+38 19.546 19.4 432.1 69.3
  5.9 1.04969e+38 19.579 19.4 432.6 69.3
  5.9 1.04894e+38 19.612 19.4 433.0 69.3
  5.9 1.04818e+38 19.644 19.4 433.5 69.3
  6.0 1.04743e+38 19.677 19.4 433.9 69.3
  6.0 1.04667e+38 19.709 19.3 434.4 69.3
  6.0 1.04592e+38 19.742 19.3 434.9 69.3
  6.0 1.04516e+38 19.775 19.3 435.3 69.3
  6.0 1.04440e+38 19.807 19.3 435.8 69.3
  6.0 1.04365e+38 19.840 19.3 436.2 69.3
  6.0 1.04289e+38 19.873 19.3 436.7 69.3
  6.0 1.04213e+38 19.905 19.3 437.1 69.3
  6.0 1.04137e+38 19.938 19.3 437.6 69.3
  6.0 1.04061e+38 19.971 19.3 438.0 69.3
  6.1 1.03985e+38 20.003 19.3 438.5 69.2
  6.1 1.03908e+38 20.036 19.3 438.9 69.2
  6.1 1.03832e+38 20.068 19.3 439.4 69.2
  6.1 1.03756e+38 20.101 19.3 439.8 69.2
  6.1 1.03679e+38 20.134 19.3 440.3 69.2
  6.1 1.03603e+38 20.166 19.2 440.7 69.2
  6.1 1.03526e+38 20.199 19.2 441.2 69.2
  6.1 1.03449e+38 20.231 19.2 441.7 69.2
  6.1 1.03373e+38 20.264 19.2 442.1 69.2
  6.1 1.03296e+38 20.297 19.2 442.6 69.2
  6.2 1.03219e+38 20.329 19.2 443.0 69.2
  6.2 1.03142e+38 20.362 19.2 443.4 69.2
  6.2 1.03065e+38 20.394 19.2 443.9 69.2
  6.2 1.02988e+38 20.427 19.2 444.3 69.2
  6.2 1.02911e+38 20.460 19.2 444.8 69.2
  6.2 1.02833e+38 20.492 19.2 445.2 69.2
  6.2 1.02756e+38 20.525 19.2 445.7 69.2
  6.2 1.02679e+38 20.557 19.2 446.1 69.2
  6.2 1.02601e+38 20.590 19.2 446.6 69.2
  6.2 1.02524e+38 20.623 19.1 447.0 69.2
  6.3 1.02446e+38 20.655 19.1 447.5 69.2
  6.3 1.02368e+38 20.688 19.1 447.9 69.2
  6.3 1.02291e+38 20.720 19.1 448.4 69.2
  6.3 1.02213e+38 20.753 19.1 448.8 69.2
  6.3 1.02135e+38 20.786 19.1 449.3 69.2
  6.3 1.02057e+38 20.818 19.1 449.7 69.2
  6.3 1.01979e+38 20.851 19.1 450.1 69.2
  6.3 1.01901e+38 20.883 19.1 450.6 69.2
  6.3 1.01822e+38 20.916 19.1 451.0 69.2
  6.3 1.01744e+38 20.949 19.1 451.5 69.2
  6.4 1.01666e+38 20.981 19.1 451.9 69.2
  6.4 1.01587e+38 21.014 19.1 452.4 69.2
  6.4 1.01509e+38 21.046 19.1 452.8 69.2
  6.4 1.01430e+38 21.079 19.0 453.2 69.2
  6.4 1.01352e+38 21.111 19.0 453.7 69.2
  6.4 1.01273e+38 21.144 19.0 454.1 69.2
  6.4 1.01194e+38 21.177 19.0 454.6 69.2
  6.4 1.01115e+38 21.209 19.0 455.0 69.1
  6.4 1.01036e+38 21.242 19.0 455.4 69.1
  6.4 1.00957e+38 21.274 19.0 455.9 69.1
  6.5 1.00878e+38 21.307 19.0 456.3 69.1
  6.5 1.00799e+38 21.339 19.0 456.7 69.1
  6.5 1.00720e+38 21.372 19.0 457.2 69.1
  6.5 1.00641e+38 21.405 19.0 457.6 69.1
  6.5 1.00561e+38 21.437 19.0 458.1 69.1
  6.5 1.00482e+38 21.470 19.0 458.5 69.1
  6.5 1.00402e+38 21.502 18.9 458.9 69.1
  6.5 1.00323e+38 21.535 18.9 459.4 69.1
  6.5 1.00243e+38 21.567 18.9 459.8 69.1
  6.5 1.00163e+38 21.600 18.9 460.2 69.1
  6.6 1.00084e+38 21.633 18.9 460.7 69.1
  6.6 1.00004e+38 21.665 18.9 461.1 69.1
  6.6 9.99237e+37 21.698 18.9 461.5 69.1
  6.6 9.98437e+37 21.730 18.9 462.0 69.1
  6.6 9.97637e+37 21.763 18.9 462.4 69.1
  6.6 9.96835e+37 21.795 18.9 462.8 69.1
  6.6 9.96033e+37 21.828 18.9 463.3 69.1
  6.6 9.95230e+37 21.860 18.9 463.7 69.1
  6.6 9.94427e+37 21.893 18.9 464.1 69.1
  6.6 9.93623e+37 21.926 18.8 464.6 69.1
  6.7 9.92818e+37 21.958 18.8 465.0 69.1
  6.7 9.92012e+37 21.991 18.8 465.4 69.1
  6.7 9.91206e+37 22.023 18.8 465.9 69.1
  6.7 9.90399e+37 22.056 18.8 466.3 69.1
  6.7 9.89591e+37 22.088 18.8 466.7 69.1
  6.7 9.88783e+37 22.121 18.8 467.1 69.1
  6.7 9.87974e+37 22.153 18.8 467.6 69.1
  6.7 9.87164e+37 22.186 18.8 468.0 69.1
  6.7 9.86353e+37 22.218 18.8 468.4 69.1
  6.7 9.85542e+37 22.251 18.8 468.9 69.1
  6.8 9.84730e+37 22.283 18.8 469.3 69.1
  6.8 9.83918e+37 22.316 18.8 469.7 69.1
  6.8 9.83104e+37 22.348 18.7 470.1 69.1
  6.8 9.82291e+37 22.381 18.7 470.6 69.1
  6.8 9.81476e+37 22.414 18.7 471.0 69.0
  6.8 9.80661e+37 22.446 18.7 471.4 69.0
  6.8 9.79845e+37 22.479 18.7 471.8 69.0
  6.8 9.79028e+37 22.511 18.7 472.3 69.0
  6.8 9.78210e+37 22.544 18.7 472.7 69.0
  6.8 9.77392e+37 22.576 18.7 473.1 69.0
  6.9 9.76574e+37 22.609 18.7 473.5 69.0
  6.9 9.75754e+37 22.641 18.7 474.0 69.0
  6.9 9.74934e+37 22.674 18.7 474.4 69.0
  6.9 9.74113e+37 22.706 18.7 474.8 69.0
  6.9 9.73292e+37 22.739 18.7 475.2 69.0
  6.9 9.72469e+37 22.771 18.6 475.7 69.0
  6.9 9.71647e+37 22.804 18.6 476.1 69.0
  6.9 9.70823e+37 22.836 18.6 476.5 69.0
  6.9 9.69999e+37 22.869 18.6 476.9 69.0
  6.9 9.69174e+37 22.901 18.6 477.3 69.0
  7.0 9.68348e+37 22.934 18.6 477.8 69.0
  7.0 9.67522e+37 22.966 18.6 478.2 69.0
  7.0 9.66695e+37 22.999 18.6 478.6 69.0
  7.0 9.65867e+37 23.031 18.6 479.0 69.0
  7.0 9.65039e+37 23.064 18.6 479.4 69.0
  7.0 9.64210e+37 23.096 18.6 479.9 69.0
  7.0 9.63380e+37 23.129 18.6 480.3 69.0
  7.0 9.62550e+37 23.161 18.6 480.7 69.0
  7.0 9.61719e+37 23.194 18.5 481.1 69.0
  7.0 9.60887e+37 23.226 18.5 481.5 69.0
  7.1 9.60055e+37 23.259 18.5 481.9 69.0
  7.1 9.59222e+37 23.291 18.5 482.4 69.0
  7.1 9.58388e+37 23.324 18.5 482.8 69.0
  7.1 9.57554e+37 23.356 18.5 483.2 69.0
  7.1 9.56719e+37 23.389 18.5 483.6 69.0
  7.1 9.55883e+37 23.421 18.5 484.0 69.0
  7.1 9.55047e+37 23.454 18.5 484.4 69.0
  7.1 9.54210e+37 23.486 18.5 484.8 69.0
  7.1 9.53372e+37 23.519 18.5 485.3 69.0
  7.1 9.52534e+37 23.551 18.5 485.7 69.0
  7.2 9.51695e+37 23.584 18.4 486.1 69.0
  7.2 9.50855e+37 23.616 18.4 486.5 69.0
  7.2 9.50014e+37 23.649 18.4 486.9 68.9
  7.2 9.49173e+37 23.681 18.4 487.3 68.9
  7.2 9.48332e+37 23.714 18.4 487.7 68.9
  7.2 9.47489e+37 23.746 18.4 488.1 68.9
  7.2 9.46646e+37 23.779 18.4 488.6 68.9
  7.2 9.45803e+37 23.811 18.4 489.0 68.9
  7.2 9.44958e+37 23.843 18.4 489.4 68.9
  7.2 9.44113e+37 23.876 18.4 489.8 68.9
  7.3 9.43268e+37 23.908 18.4 490.2 68.9
  7.3 9.42421e+37 23.941 18.4 490.6 68.9
  7.3 9.41574e+37 23.973 18.3 491.0 68.9
  7.3 9.40727e+37 24.006 18.3 491.4 68.9
  7.3 9.39878e+37 24.038 18.3 491.8 68.9
  7.3 9.39029e+37 24.071 18.3 492.2 68.9
  7.3 9.38180e+37 24.103 18.3 492.6 68.9
  7.3 9.37329e+37 24.136 18.3 493.1 68.9
  7.3 9.36479e+37 24.168 18.3 493.5 68.9
  7.3 9.35627e+37 24.201 18.3 493.9 68.9
  7.4 9.34775e+37 24.233 18.3 494.3 68.9
  7.4 9.33922e+37 24.266 18.3 494.7 68.9
  7.4 9.33068e+37 24.298 18.3 495.1 68.9
  7.4 9.32214e+37 24.330 18.3 495.5 68.9
  7.4 9.31359e+37 24.363 18.2 495.9 68.9
  7.4 9.30504e+37 24.395 18.2 496.3 68.9
  7.4 9.29648e+37 24.428 18.2 496.7 68.9
  7.4 9.28791e+37 24.460 18.2 497.1 68.9
  7.4 9.27934e+37 24.493 18.2 497.5 68.9
  7.4 9.27075e+37 24.525 18.2 497.9 68.9
  7.5 9.26217e+37 24.558 18.2 498.3 68.9
  7.5 9.25357e+37 24.590 18.2 498.7 68.9
  7.5 9.24497e+37 24.622 18.2 499.1 68.9
  7.5 9.23637e+37 24.655 18.2 499.5 68.9
  7.5 9.22776e+37 24.687 18.2 499.9 68.9
  7.5 9.21914e+37 24.720 18.2 500.3 68.9
  7.5 9.21051e+37 24.752 18.1 500.7 68.9
  7.5 9.20188e+37 24.785 18.1 501.1 68.9
  7.5 9.19324e+37 24.817 18.1 501.5 68.9
  7.5 9.18460e+37 24.849 18.1 501.9 68.8
  7.6 9.17594e+37 24.882 18.1 502.3 68.8
  7.6 9.16729e+37 24.914 18.1 502.7 68.8
  7.6 9.15862e+37 24.947 18.1 503.1 68.8
  7.6 9.14995e+37 24.979 18.1 503.5 68.8
  7.6 9.14128e+37 25.012 18.1 503.9 68.8
  7.6 9.13259e+37 25.044 18.1 504.3 68.8
  7.6 9.12390e+37 25.076 18.1 504.7 68.8
  7.6 9.11521e+37 25.109 18.1 505.1 68.8
  7.6 9.10651e+37 25.141 18.0 505.5 68.8
  7.6 9.09780e+37 25.174 18.0 505.9 68.8
  7.7 9.08908e+37 25.206 18.0 506.3 68.8
  7.7 9.08036e+37 25.239 18.0 506.7 68.8
  7.7 9.07163e+37 25.271 18.0 507.1 68.8
  7.7 9.06290e+37 25.303 18.0 507.5 68.8
  7.7 9.05416e+37 25.336 18.0 507.9 68.8
  7.7 9.04542e+37 25.368 18.0 508.3 68.8
  7.7 9.03666e+37 25.401 18.0 508.7 68.8
  7.7 9.02790e+37 25.433 18.0 509.0 68.8
  7.7 9.01914e+37 25.465 18.0 509.4 68.8
  7.7 9.01037e+37 25.498 17.9 509.8 68.8
  7.8 9.00159e+37 25.530 17.9 510.2 68.8
  7.8 8.99281e+37 25.563 17.9 510.6 68.8
  7.8 8.98402e+37 25.595 17.9 511.0 68.8
  7.8 8.97522e+37 25.627 17.9 511.4 68.8
  7.8 8.96642e+37 25.660 17.9 511.8 68.8
  7.8 8.95761e+37 25.692 17.9 512.2 68.8
  7.8 8.94880e+37 25.725 17.9 512.6 68.8
  7.8 8.93998e+37 25.757 17.9 513.0 68.8
  7.8 8.93115e+37 25.789 17.9 513.3 68.8
  7.8 8.92231e+37 25.822 17.9 513.7 68.8
  7.9 8.91348e+37 25.854 17.9 514.1 68.8
  7.9 8.90463e+37 25.887 17.8 514.5 68.8
  7.9 8.89578e+37 25.919 17.8 514.9 68.8
  7.9 8.88692e+37 25.951 17.8 515.3 68.8
  7.9 8.87806e+37 25.984 17.8 515.7 68.8
  7.9 8.86919e+37 26.016 17.8 516.1 68.8
  7.9 8.86031e+37 26.049 17.8 516.4 68.8
  7.9 8.85143e+37 26.081 17.8 516.8 68.7
  7.9 8.84254e+37 26.113 17.8 517.2 68.7
  7.9 8.83364e+37 26.146 17.8 517.6 68.7
  8.0 8.82474e+37 26.178 17.8 518.0 68.7
  8.0 8.81584e+37 26.211 17.8 518.4 68.7
  8.0 8.80692e+37 26.243 17.7 518.7 68.7
  8.0 8.79800e+37 26.275 17.7 519.1 68.7
  8.0 8.78908e+37 26.308 17.7 519.5 68.7
  8.0 8.78015e+37 26.340 17.7 519.9 68.7
  8.0 8.77121e+37 26.372 17.7 520.3 68.7
  8.0 8.76227e+37 26.405 17.7 520.7 68.7
  8.0 8.75332e+37 26.437 17.7 521.0 68.7
  8.0 8.74436e+37 26.470 17.7 521.4 68.7
  8.1 8.73540e+37 26.502 17.7 521.8 68.7
  8.1 8.72643e+37 26.534 17.7 522.2 68.7
  8.1 8.71746e+37 26.567 17.7 522.6 68.7
  8.1 8.70848e+37 26.599 17.6 522.9 68.7
  8.1 8.69949e+37 26.631 17.6 523.3 68.7
  8.1 8.69050e+37 26.664 17.6 523.7 68.7
  8.1 8.68150e+37 26.696 17.6 524.1 68.7
  8.1 8.67250e+37 26.728 17.6 524.5 68.7
  8.1 8.66349e+37 26.761 17.6 524.8 68.7
  8.1 8.65448e+37 26.793 17.6 525.2 68.7
  8.2 8.64545e+37 26.826 17.6 525.6 68.7
  8.2 8.63643e+37 26.858 17.6 526.0 68.7
  8.2 8.62739e+37 26.890 17.6 526.4 68.7
  8.2 8.61835e+37 26.923 17.6 526.7 68.7
  8.2 8.60931e+37 26.955 17.5 527.1 68.7
  8.2 8.60026e+37 26.987 17.5 527.5 68.7
  8.2 8.59120e+37 27.020 17.5 527.9 68.7
  8.2 8.58214e+37 27.052 17.5 528.2 68.7
  8.2 8.57307e+37 27.084 17.5 528.6 68.7
  8.2 8.56399e+37 27.117 17.5 529.0 68.7
  8.3 8.55491e+37 27.149 17.5 529.4 68.7
  8.3 8.54582e+37 27.181 17.5 529.7 68.7
  8.3 8.53673e+37 27.214 17.5 530.1 68.7
  8.3 8.52763e+37 27.246 17.5 530.5 68.7
  8.3 8.51853e+37 27.278 17.5 530.8 68.6
  8.3 8.50942e+37 27.311 17.4 531.2 68.6
  8.3 8.50030e+37 27.343 17.4 531.6 68.6
  8.3 8.49118e+37 27.375 17.4 532.0 68.6
  8.3 8.48205e+37 27.408 17.4 532.3 68.6
  8.3 8.47292e+37 27.440 17.4 532.7 68.6
  8.4 8.46378e+37 27.472 17.4 533.1 68.6
  8.4 8.45463e+37 27.505 17.4 533.4 68.6
  8.4 8.44548e+37 27.537 17.4 533.8 68.6
  8.4 8.43633e+37 27.569 17.4 534.2 68.6
  8.4 8.42716e+37 27.602 17.4 534.6 68.6
  8.4 8.41799e+37 27.634 17.3 534.9 68.6
  8.4 8.40882e+37 27.666 17.3 535.3 68.6
  8.4 8.39964e+37 27.699 17.3 535.7 68.6
  8.4 8.39045e+37 27.731 17.3 536.0 68.6
  8.4 8.38126e+37 27.763 17.3 536.4 68.6
  8.5 8.37206e+37 27.796 17.3 536.8 68.6
  8.5 8.36286e+37 27.828 17.3 537.1 68.6
  8.5 8.35365e+37 27.860 17.3 537.5 68.6
  8.5 8.34444e+37 27.893 17.3 537.9 68.6
  8.5 8.33522e+37 27.925 17.3 538.2 68.6
  8.5 8.32599e+37 27.957 17.3 538.6 68.6
  8.5 8.31676e+37 27.989 17.2 539.0 68.6
  8.5 8.30752e+37 28.022 17.2 539.3 68.6
  8.5 8.29828e+37 28.054 17.2 539.7 68.6
  8.5 8.28903e+37 28.086 17.2 540.0 68.6
  8.6 8.27977e+37 28.119 17.2 540.4 68.6
  8.6 8.27051e+37 28.151 17.2 540.8 68.6
  8.6 8.26125e+37 28.183 17.2 541.1 68.6
  8.6 8.25197e+37 28.216 17.2 541.5 68.6
  8.6 8.24270e+37 28.248 17.2 541.9 68.6
  8.6 8.23341e+37 28.280 17.2 542.2 68.6
  8.6 8.22413e+37 28.313 17.1 542.6 68.6
  8.6 8.21483e+37 28.345 17.1 542.9 68.6
  8.6 8.20553e+37 28.377 17.1 543.3 68.6
  8.6 8.19622e+37 28.409 17.1 543.7 68.6
  8.7 8.18691e+37 28.442 17.1 544.0 68.6
  8.7 8.17760e+37 28.474 17.1 544.4 68.6
  8.7 8.16827e+37 28.506 17.1 544.7 68.5
  8.7 8.15895e+37 28.539 17.1 545.1 68.5
  8.7 8.14961e+37 28.571 17.1 545.5 68.5
  8.7 8.14027e+37 28.603 17.1 545.8 68.5
  8.7 8.13093e+37 28.635 17.1 546.2 68.5
  8.7 8.12158e+37 28.668 17.0 546.5 68.5
  8.7 8.11222e+37 28.700 17.0 546.9 68.5
  8.7 8.10286e+37 28.732 17.0 547.2 68.5
  8.8 8.09349e+37 28.765 17.0 547.6 68.5
  8.8 8.08412e+37 28.797 17.0 548.0 68.5
  8.8 8.07474e+37 28.829 17.0 548.3 68.5
  8.8 8.06536e+37 28.861 17.0 548.7 68.5
  8.8 8.05597e+37 28.894 17.0 549.0 68.5
  8.8 8.04657e+37 28.926 17.0 549.4 68.5
  8.8 8.03717e+37 28.958 17.0 549.7 68.5
  8.8 8.02776e+37 28.991 16.9 550.1 68.5
  8.8 8.01835e+37 29.023 16.9 550.4 68.5
  8.8 8.00894e+37 29.055 16.9 550.8 68.5
  8.9 7.99951e+37 29.087 16.9 551.1 68.5
  8.9 7.99008e+37 29.120 16.9 551.5 68.5
  8.9 7.98065e+37 29.152 16.9 551.8 68.5
  8.9 7.97121e+37 29.184 16.9 552.2 68.5
  8.9 7.96177e+37 29.216 16.9 552.5 68.5
  8.9 7.95232e+37 29.249 16.9 552.9 68.5
  8.9 7.94286e+37 29.281 16.9 553.2 68.5
  8.9 7.93340e+37 29.313 16.8 553.6 68.5
  8.9 7.92393e+37 29.345 16.8 553.9 68.5
  8.9 7.91446e+37 29.378 16.8 554.3 68.5
  9.0 7.90499e+37 29.410 16.8 554.6 68.5
  9.0 7.89550e+37 29.442 16.8 555.0 68.5
  9.0 7.88601e+37 29.474 16.8 555.3 68.5
  9.0 7.87652e+37 29.507 16.8 555.7 68.5
  9.0 7.86702e+37 29.539 16.8 556.0 68.5
  9.0 7.85752e+37 29.571 16.8 556.4 68.5
  9.0 7.84801e+37 29.603 16.8 556.7 68.5
  9.0 7.83849e+37 29.636 16.7 557.1 68.5
  9.0 7.82897e+37 29.668 16.7 557.4 68.5
  9.0 7.81945e+37 29.700 16.7 557.8 68.5
  9.1 7.80992e+37 29.732 16.7 558.1 68.4
  9.1 7.80038e+37 29.765 16.7 558.5 68.4
  9.1 7.79084e+37 29.797 16.7 558.8 68.4
  9.1 7.78129e+37 29.829 16.7 559.1 68.4
  9.1 7.77174e+37 29.861 16.7 559.5 68.4
  9.1 7.76218e+37 29.894 16.7 559.8 68.4
  9.1 7.75262e+37 29.926 16.6 560.2 68.4
  9.1 7.74305e+37 29.958 16.6 560.5 68.4
  9.1 7.73348e+37 29.990 16.6 560.9 68.4
  9.1 7.72390e+37 30.023 16.6 561.2 68.4
  9.2 7.71431e+37 30.055 16.6 561.5 68.4
  9.2 7.70472e+37 30.087 16.6 561.9 68.4
  9.2 7.69513e+37 30.119 16.6 562.2 68.4
  9.2 7.68553e+37 30.152 16.6 562.6 68.4
  9.2 7.67592e+37 30.184 16.6 562.9 68.4
  9.2 7.66631e+37 30.216 16.6 563.2 68.4
  9.2 7.65670e+37 30.248 16.5 563.6 68.4
  9.2 7.64708e+37 30.280 16.5 563.9 68.4
  9.2 7.63745e+37 30.313 16.5 564.3 68.4
  9.2 7.62782e+37 30.345 16.5 564.6 68.4
  9.3 7.61818e+37 30.377 16.5 564.9 68.4
  9.3 7.60854e+37 30.409 16.5 565.3 68.4
  9.3 7.59889e+37 30.442 16.5 565.6 68.4
  9.3 7.58924e+37 30.474 16.5 566.0 68.4
  9.3 7.57958e+37 30.506 16.5 566.3 68.4
  9.3 7.56992e+37 30.538 16.5 566.6 68.4
  9.3 7.56025e+37 30.570 16.4 567.0 68.4
  9.3 7.55058e+37 30.603 16.4 567.3 68.4
  9.3 7.54090e+37 30.635 16.4 567.6 68.4
  9.3 7.53122e+37 30.667 16.4 568.0 68.4
  9.4 7.52153e+37 30.699 16.4 568.3 68.4
  9.4 7.51183e+37 30.731 16.4 568.6 68.4
  9.4 7.50214e+37 30.764 16.4 569.0 68.4
  9.4 7.49243e+37 30.796 16.4 569.3 68.4
  9.4 7.48272e+37 30.828 16.4 569.6 68.4
  9.4 7.47301e+37 30.860 16.3 570.0 68.4
  9.4 7.46329e+37 30.892 16.3 570.3 68.4
  9.4 7.45356e+37 30.925 16.3 570.6 68.4
  9.4 7.44383e+37 30.957 16.3 571.0 68.3
  9.4 7.43410e+37 30.989 16.3 571.3 68.3
  9.5 7.42436e+37 31.021 16.3 571.6 68.3
  9.5 7.41462e+37 31.053 16.3 572.0 68.3
  9.5 7.40487e+37 31.086 16.3 572.3 68.3
  9.5 7.39511e+37 31.118 16.3 572.6 68.3
  9.5 7.38535e+37 31.150 16.2 572.9 68.3
  9.5 7.37559e+37 31.182 16.2 573.3 68.3
  9.5 7.36582e+37 31.214 16.2 573.6 68.3
  9.5 7.35604e+37 31.247 16.2 573.9 68.3
  9.5 7.34626e+37 31.279 16.2 574.3 68.3
  9.5 7.33648e+37 31.311 16.2 574.6 68.3
  9.6 7.32669e+37 31.343 16.2 574.9 68.3
  9.6 7.31689e+37 31.375 16.2 575.2 68.3
  9.6 7.30709e+37 31.407 16.2 575.6 68.3
  9.6 7.29729e+37 31.440 16.2 575.9 68.3
  9.6 7.28748e+37 31.472 16.1 576.2 68.3
  9.6 7.27766e+37 31.504 16.1 576.5 68.3
  9.6 7.26784e+37 31.536 16.1 576.9 68.3
  9.6 7.25801e+37 31.568 16.1 577.2 68.3
  9.6 7.24818e+37 31.600 16.1 577.5 68.3
  9.6 7.23835e+37 31.633 16.1 577.8 68.3
  9.7 7.22851e+37 31.665 16.1 578.2 68.3
  9.7 7.21867e+37 31.697 16.1 578.5 68.3
  9.7 7.20882e+37 31.729 16.1 578.8 68.3
  9.7 7.19896e+37 31.761 16.0 579.1 68.3
  9.7 7.18910e+37 31.793 16.0 579.4 68.3
  9.7 7.17924e+37 31.826 16.0 579.8 68.3
  9.7 7.16937e+37 31.858 16.0 580.1 68.3
  9.7 7.15949e+37 31.890 16.0 580.4 68.3
  9.7 7.14961e+37 31.922 16.0 580.7 68.3
  9.7 7.13973e+37 31.954 16.0 581.0 68.3
  9.8 7.12984e+37 31.986 16.0 581.4 68.3
  9.8 7.11995e+37 32.019 16.0 581.7 68.3
  9.8 7.11005e+37 32.051 15.9 582.0 68.3
  9.8 7.10015e+37 32.083 15.9 582.3 68.3
  9.8 7.09024e+37 32.115 15.9 582.6 68.3
  9.8 7.08032e+37 32.147 15.9 583.0 68.3
  9.8 7.07041e+37 32.179 15.9 583.3 68.2
  9.8 7.06048e+37 32.211 15.9 583.6 68.2
  9.8 7.05056e+37 32.244 15.9 583.9 68.2
  9.8 7.04062e+37 32.276 15.9 584.2 68.2
  9.9 7.03069e+37 32.308 15.9 584.5 68.2
  9.9 7.02074e+37 32.340 15.8 584.9 68.2
  9.9 7.01080e+37 32.372 15.8 585.2 68.2
  9.9 7.00085e+37 32.404 15.8 585.5 68.2
  9.9 6.99089e+37 32.436 15.8 585.8 68.2
  9.9 6.98093e+37 32.469 15.8 586.1 68.2
  9.9 6.97096e+37 32.501 15.8 586.4 68.2
  9.9 6.96099e+37 32.533 15.8 586.7 68.2
  9.9 6.95102e+37 32.565 15.8 587.1 68.2
  9.9 6.94104e+37 32.597 15.8 587.4 68.2
 10.0 6.93105e+37 32.629 15.7 587.7 68.2
 10.0 6.92106e+37 32.661 15.7 588.0 68.2
 10.0 6.91107e+37 32.694 15.7 588.3 68.2
 10.0 6.90107e+37 32.726 15.7 588.6 68.2
 10.0 6.89106e+37 32.758 15.7 588.9 68.2
 10.0 6.88106e+37 32.790 15.7 589.2 68.2
 10.0 6.87104e+37 32.822 15.7 589.5 68.2
 10.0 6.86103e+37 32.854 15.7 589.8 68.2
 10.0 6.85100e+37 32.886 15.7 590.2 68.2
 10.0 6.84098e+37 32.918 15.6 590.5 68.2
 10.1 6.83094e+37 32.951 15.6 590.8 68.2
 10.1 6.82091e+37 32.983 15.6 591.1 68.2
 10.1 6.81087e+37 33.015 15.6 591.4 68.2
 10.1 6.80082e+37 33.047 15.6 591.7 68.2
 10.1 6.79077e+37 33.079 15.6 592.0 68.2
 10.1 6.78072e+37 33.111 15.6 592.3 68.2
 10.1 6.77066e+37 33.143 15.6 592.6 68.2
 10.1 6.76059e+37 33.175 15.5 592.9 68.2
 10.1 6.75052e+37 33.207 15.5 593.2 68.2
 10.1 6.74045e+37 33.240 15.5 593.5 68.2
 10.2 6.73037e+37 33.272 15.5 593.8 68.2
 10.2 6.72029e+37 33.304 15.5 594.1 68.2
 10.2 6.71020e+37 33.336 15.5 594.4 68.2
 10.2 6.70011e+37 33.368 15.5 594.7 68.2
 10.2 6.69001e+37 33.400 15.5 595.0 68.1
 10.2 6.67991e+37 33.432 15.5 595.3 68.1
 10.2 6.66981e+37 33.464 15.4 595.6 68.1
 10.2 6.65970e+37 33.496 15.4 595.9 68.1
 10.2 6.64958e+37 33.529 15.4 596.3 68.1
 10.2 6.63947e+37 33.561 15.4 596.6 68.1
 10.3 6.62934e+37 33.593 15.4 596.9 68.1
 10.3 6.61921e+37 33.625 15.4 597.2 68.1
 10.3 6.60908e+37 33.657 15.4 597.5 68.1
 10.3 6.59894e+37 33.689 15.4 597.7 68.1
 10.3 6.58880e+37 33.721 15.3 598.0 68.1
 10.3 6.57866e+37 33.753 15.3 598.3 68.1
 10.3 6.56851e+37 33.785 15.3 598.6 68.1
 10.3 6.55835e+37 33.817 15.3 598.9 68.1
 10.3 6.54819e+37 33.849 15.3 599.2 68.1
 10.3 6.53803e+37 33.881 15.3 599.5 68.1
 10.4 6.52786e+37 33.914 15.3 599.8 68.1
 10.4 6.51769e+37 33.946 15.3 600.1 68.1
 10.4 6.50751e+37 33.978 15.3 600.4 68.1
 10.4 6.49733e+37 34.010 15.2 600.7 68.1
 10.4 6.48714e+37 34.042 15.2 601.0 68.1
 10.4 6.47695e+37 34.074 15.2 601.3 68.1
 10.4 6.46676e+37 34.106 15.2 601.6 68.1
 10.4 6.45656e+37 34.138 15.2 601.9 68.1
 10.4 6.44636e+37 34.170 15.2 602.2 68.1
 10.4 6.43615e+37 34.202 15.2 602.5 68.1
 10.5 6.42594e+37 34.234 15.2 602.8 68.1
 10.5 6.41572e+37 34.266 15.1 603.1 68.1
 10.5 6.40550e+37 34.298 15.1 603.4 68.1
 10.5 6.39527e+37 34.331 15.1 603.6 68.1
 10.5 6.38504e+37 34.363 15.1 603.9 68.1
 10.5 6.37481e+37 34.395 15.1 604.2 68.1
 10.5 6.36457e+37 34.427 15.1 604.5 68.1
 10.5 6.35433e+37 34.459 15.1 604.8 68.1
 10.5 6.34408e+37 34.491 15.1 605.1 68.1
 10.5 6.33383e+37 34.523 15.0 605.4 68.1
 10.6 6.32357e+37 34.555 15.0 605.7 68.1
 10.6 6.31331e+37 34.587 15.0 606.0 68.1
 10.6 6.30305e+37 34.619 15.0 606.2 68.0
 10.6 6.29278e+37 34.651 15.0 606.5 68.0
 10.6 6.28251e+37 34.683 15.0 606.8 68.0
 10.6 6.27223e+37 34.715 15.0 607.1 68.0
 10.6 6.26195e+37 34.747 15.0 607.4 68.0
 10.6 6.25167e+37 34.779 15.0 607.7 68.0
 10.6 6.24138e+37 34.811 14.9 608.0 68.0
 10.6 6.23108e+37 34.843 14.9 608.3 68.0
 10.7 6.22078e+37 34.875 14.9 608.5 68.0
 10.7 6.21048e+37 34.908 14.9 608.8 68.0
 10.7 6.20018e+37 34.940 14.9 609.1 68.0
 10.7 6.18986e+37 34.972 14.9 609.4 68.0
 10.7 6.17955e+37 35.004 14.9 609.7 68.0
 10.7 6.16923e+37 35.036 14.9 610.0 68.0
 10.7 6.15891e+37 35.068 14.8 610.2 68.0
 10.7 6.14858e+37 35.100 14.8 610.5 68.0
 10.7 6.13825e+37 35.132 14.8 610.8 68.0
 10.7 6.12791e+37 35.164 14.8 611.1 68.0
 10.8 6.11757e+37 35.196 14.8 611.4 68.0
 10.8 6.10723e+37 35.228 14.8 611.6 68.0
 10.8 6.09688e+37 35.260 14.8 611.9 68.0
 10.8 6.08653e+37 35.292 14.8 612.2 68.0
 10.8 6.07617e+37 35.324 14.7 612.5 68.0
 10.8 6.06581e+37 35.356 14.7 612.8 68.0
 10.8 6.05545e+37 35.388 14.7 613.0 68.0
 10.8 6.04508e+37 35.420 14.7 613.3 68.0
 10.8 6.03470e+37 35.452 14.7 613.6 68.0
 10.8 6.02433e+37 35.484 14.7 613.9 68.0
 10.9 6.01395e+37 35.516 14.7 614.1 68.0
 10.9 6.00356e+37 35.548 14.7 614.4 68.0
 10.9 5.99317e+37 35.580 14.6 614.7 68.0
 10.9 5.98278e+37 35.612 14.6 615.0 68.0
 10.9 5.97238e+37 35.644 14.6 615.2 68.0
 10.9 5.96198e+37 35.676 14.6 615.5 68.0
 10.9 5.95157e+37 35.708 14.6 615.8 68.0
 10.9 5.94117e+37 35.740 14.6 616.1 68.0
 10.9 5.93075e+37 35.772 14.6 616.3 68.0
 10.9 5.92033e+37 35.804 14.5 616.6 68.0
 11.0 5.90991e+37 35.836 14.5 616.9 67.9
 11.0 5.89949e+37 35.868 14.5 617.1 67.9
 11.0 5.88906e+37 35.900 14.5 617.4 67.9
 11.0 5.87863e+37 35.932 14.5 617.7 67.9
 11.0 5.86819e+37 35.964 14.5 618.0 67.9
 11.0 5.85775e+37 35.996 14.5 618.2 67.9
 11.0 5.84730e+37 36.028 14.5 618.5 67.9
 11.0 5.83685e+37 36.060 14.4 618.8 67.9
 11.0 5.82640e+37 36.092 14.4 619.0 67.9
 11.0 5.81594e+37 36.124 14.4 619.3 67.9
 11.1 5.80548e+37 36.156 14.4 619.6 67.9
 11.1 5.79502e+37 36.188 14.4 619.8 67.9
 11.1 5.78455e+37 36.220 14.4 620.1 67.9
 11.1 5.77408e+37 36.252 14.4 620.4 67.9
 11.1 5.76360e+37 36.284 14.4 620.6 67.9
 11.1 5.75312e+37 36.316 14.3 620.9 67.9
 11.1 5.74263e+37 36.348 14.3 621.2 67.9
 11.1 5.73215e+37 36.380 14.3 621.4 67.9
 11.1 5.72165e+37 36.412 14.3 621.7 67.9
 11.1 5.71116e+37 36.444 14.3 622.0 67.9
 11.2 5.70066e+37 36.476 14.3 622.2 67.9
 11.2 5.69015e+37 36.508 14.3 622.5 67.9
 11.2 5.67965e+37 36.540 14.3 622.8 67.9
 11.2 5.66914e+37 36.572 14.2 623.0 67.9
 11.2 5.65862e+37 36.604 14.2 623.3 67.9
 11.2 5.64810e+37 36.636 14.2 623.5 67.9
 11.2 5.63758e+37 36.668 14.2 623.8 67.9
 11.2 5.62705e+37 36.700 14.2 624.1 67.9
 11.2 5.61652e+37 36.732 14.2 624.3 67.9
 11.2 5.60599e+37 36.764 14.2 624.6 67.9
 11.3 5.59545e+37 36.796 14.1 624.8 67.9
 11.3 5.58491e+37 36.828 14.1 625.1 67.9
 11.3 5.57436e+37 36.860 14.1 625.4 67.9
 11.3 5.56382e+37 36.892 14.1 625.6 67.9
 11.3 5.55326e+37 36.924 14.1 625.9 67.9
 11.3 5.54271e+37 36.956 14.1 626.1 67.9
 11.3 5.53215e+37 36.988 14.1 626.4 67.9
 11.3 5.52158e+37 37.020 14.1 626.6 67.9
 11.3 5.51101e+37 37.052 14.0 626.9 67.8
 11.3 5.50044e+37 37.084 14.0 627.2 67.8
 11.4 5.48987e+37 37.116 14.0 627.4 67.8
 11.4 5.47929e+37 37.148 14.0 627.7 67.8
 11.4 5.46871e+37 37.180 14.0 627.9 67.8
 11.4 5.45812e+37 37.211 14.0 628.2 67.8
 11.4 5.44753e+37 37.243 14.0 628.4 67.8
 11.4 5.43694e+37 37.275 13.9 628.7 67.8
 11.4 5.42634e+37 37.307 13.9 628.9 67.8
 11.4 5.41574e+37 37.339 13.9 629.2 67.8
 11.4 5.40514e+37 37.371 13.9 629.4 67.8
 11.4 5.39453e+37 37.403 13.9 629.7 67.8
 11.5 5.38392e+37 37.435 13.9 629.9 67.8
 11.5 5.37330e+37 37.467 13.9 630.2 67.8
 11.5 5.36268e+37 37.499 13.8 630.4 67.8
 11.5 5.35206e+37 37.531 13.8 630.7 67.8
 11.5 5.34143e+37 37.563 13.8 630.9 67.8
 11.5 5.33081e+37 37.595 13.8 631.2 67.8
 11.5 5.32017e+37 37.627 13.8 631.4 67.8
 11.5 5.30954e+37 37.659 13.8 631.7 67.8
 11.5 5.29890e+37 37.691 13.8 631.9 67.8
 11.5 5.28825e+37 37.723 13.8 632.2 67.8
 11.6 5.27760e+37 37.755 13.7 632.4 67.8
 11.6 5.26695e+37 37.786 13.7 632.7 67.8
 11.6 5.25630e+37 37.818 13.7 632.9 67.8
 11.6 5.24564e+37 37.850 13.7 633.1 67.8
 11.6 5.23498e+37 37.882 13.7 633.4 67.8
 11.6 5.22432e+37 37.914 13.7 633.6 67.8
 11.6 5.21365e+37 37.946 13.7 633.9 67.8
 11.6 5.20298e+37 37.978 13.6 634.1 67.8
 11.6 5.19230e+37 38.010 13.6 634.4 67.8
 11.6 5.18162e+37 38.042 13.6 634.6 67.8
 11.7 5.17094e+37 38.074 13.6 634.8 67.8
 11.7 5.16026e+37 38.106 13.6 635.1 67.8
 11.7 5.14957e+37 38.138 13.6 635.3 67.8
 11.7 5.13887e+37 38.170 13.6 635.6 67.8
 11.7 5.12818e+37 38.202 13.5 635.8 67.8
 11.7 5.11748e+37 38.233 13.5 636.0 67.8
 11.7 5.10678e+37 38.265 13.5 636.3 67.8
 11.7 5.09607e+37 38.297 13.5 636.5 67.7
 11.7 5.08536e+37 38.329 13.5 636.8 67.7
 11.7 5.07465e+37 38.361 13.5 637.0 67.7
 11.8 5.06393e+37 38.393 13.5 637.2 67.7
 11.8 5.05321e+37 38.425 13.4 637.5 67.7
 11.8 5.04249e+37 38.457 13.4 637.7 67.7
 11.8 5.03177e+37 38.489 13.4 637.9 67.7
 11.8 5.02104e+37 38.521 13.4 638.2 67.7
 11.8 5.01030e+37 38.553 13.4 638.4 67.7
 11.8 4.99957e+37 38.584 13.4 638.6 67.7
 11.8 4.98883e+37 38.616 13.4 638.9 67.7
 11.8 4.97809e+37 38.648 13.3 639.1 67.7
 11.8 4.96734e+37 38.680 13.3 639.3 67.7
 11.9 4.95659e+37 38.712 13.3 639.6 67.7
 11.9 4.94584e+37 38.744 13.3 639.8 67.7
 11.9 4.93508e+37 38.776 13.3 640.0 67.7
 11.9 4.92432e+37 38.808 13.3 640.3 67.7
 11.9 4.91356e+37 38.840 13.3 640.5 67.7
 11.9 4.90280e+37 38.871 13.2 640.7 67.7
 11.9 4.89203e+37 38.903 13.2 641.0 67.7
 11.9 4.88125e+37 38.935 13.2 641.2 67.7
 11.9 4.87048e+37 38.967 13.2 641.4 67.7
 11.9 4.85970e+37 38.999 13.2 641.6 67.7
 12.0 4.84892e+37 39.031 13.2 641.9 67.7
 12.0 4.83813e+37 39.063 13.2 642.1 67.7
 12.0 4.82735e+37 39.095 13.1 642.3 67.7
 12.0 4.81656e+37 39.127 13.1 642.6 67.7
 12.0 4.80576e+37 39.158 13.1 642.8 67.7
 12.0 4.79496e+37 39.190 13.1 643.0 67.7
 12.0 4.78416e+37 39.222 13.1 643.2 67.7
 12.0 4.77336e+37 39.254 13.1 643.5 67.7
 12.0 4.76255e+37 39.286 13.0 643.7 67.7
 12.0 4.75174e+37 39.318 13.0 643.9 67.7
 12.1 4.74093e+37 39.350 13.0 644.1 67.7
 12.1 4.73011e+37 39.382 13.0 644.3 67.7
 12.1 4.71929e+37 39.413 13.0 644.6 67.7
 12.1 4.70847e+37 39.445 13.0 644.8 67.7
 12.1 4.69765e+37 39.477 13.0 645.0 67.7
 12.1 4.68682e+37 39.509 12.9 645.2 67.6
 12.1 4.67599e+37 39.541 12.9 645.5 67.6
 12.1 4.66515e+37 39.573 12.9 645.7 67.6
 12.1 4.65431e+37 39.605 12.9 645.9 67.6
 12.1 4.64347e+37 39.637 12.9 646.1 67.6
 12.2 4.63263e+37 39.668 12.9 646.3 67.6
 12.2 4.62178e+37 39.700 12.9 646.5 67.6
 12.2 4.61093e+37 39.732 12.8 646.8 67.6
 12.2 4.60008e+37 39.764 12.8 647.0 67.6
 12.2 4.58922e+37 39.796 12.8 647.2 67.6
 12.2 4.57837e+37 39.828 12.8 647.4 67.6
 12.2 4.56750e+37 39.860 12.8 647.6 67.6
 12.2 4.55664e+37 39.891 12.8 647.8 67.6
 12.2 4.54577e+37 39.923 12.7 648.1 67.6
 12.2 4.53490e+37 39.955 12.7 648.3 67.6
 12.3 4.52403e+37 39.987 12.7 648.5 67.6
 12.3 4.51315e+37 40.019 12.7 648.7 67.6
 12.3 4.50227e+37 40.051 12.7 648.9 67.6
 12.3 4.49139e+37 40.082 12.7 649.1 67.6
 12.3 4.48050e+37 40.114 12.7 649.3 67.6
 12.3 4.46962e+37 40.146 12.6 649.5 67.6
 12.3 4.45873e+37 40.178 12.6 649.7 67.6
 12.3 4.44783e+37 40.210 12.6 650.0 67.6
 12.3 4.43694e+37 40.242 12.6 650.2 67.6
 12.3 4.42604e+37 40.274 12.6 650.4 67.6
 12.4 4.41513e+37 40.305 12.6 650.6 67.6
 12.4 4.40423e+37 40.337 12.5 650.8 67.6
 12.4 4.39332e+37 40.369 12.5 651.0 67.6
 12.4 4.38241e+37 40.401 12.5 651.2 67.6
 12.4 4.37150e+37 40.433 12.5 651.4 67.6
 12.4 4.36058e+37 40.465 12.5 651.6 67.6
 12.4 4.34966e+37 40.496 12.5 651.8 67.6
 12.4 4.33874e+37 40.528 12.5 652.0 67.6
 12.4 4.32781e+37 40.560 12.4 652.2 67.6
 12.4 4.31689e+37 40.592 12.4 652.4 67.6
 12.5 4.30595e+37 40.624 12.4 652.6 67.6
 12.5 4.29502e+37 40.655 12.4 652.8 67.6
 12.5 4.28409e+37 40.687 12.4 653.0 67.6
 12.5 4.27315e+37 40.719 12.4 653.2 67.6
 12.5 4.26221e+37 40.751 12.3 653.4 67.5
 12.5 4.25126e+37 40.783 12.3 653.6 67.5
 12.5 4.24032e+37 40.815 12.3 653.8 67.5
 12.5 4.22937e+37 40.846 12.3 654.0 67.5
 12.5 4.21841e+37 40.878 12.3 654.2 67.5
 12.5 4.20746e+37 40.910 12.3 654.4 67.5
 12.6 4.19650e+37 40.942 12.2 654.6 67.5
 12.6 4.18554e+37 40.974 12.2 654.8 67.5
 12.6 4.17458e+37 41.005 12.2 655.0 67.5
 12.6 4.16361e+37 41.037 12.2 655.2 67.5
 12.6 4.15265e+37 41.069 12.2 655.4 67.5
 12.6 4.14168e+37 41.101 12.2 655.6 67.5
 12.6 4.13070e+37 41.133 12.2 655.8 67.5
 12.6 4.11973e+37 41.164 12.1 656.0 67.5
 12.6 4.10875e+37 41.196 12.1 656.2 67.5
 12.6 4.09777e+37 41.228 12.1 656.4 67.5
 12.7 4.08678e+37 41.260 12.1 656.6 67.5
 12.7 4.07580e+37 41.292 12.1 656.8 67.5
 12.7 4.06481e+37 41.323 12.1 657.0 67.5
 12.7 4.05382e+37 41.355 12.0 657.1 67.5
 12.7 4.04282e+37 41.387 12.0 657.3 67.5
 12.7 4.03183e+37 41.419 12.0 657.5 67.5
 12.7 4.02083e+37 41.451 12.0 657.7 67.5
 12.7 4.00983e+37 41.482 12.0 657.9 67.5
 12.7 3.99882e+37 41.514 12.0 658.1 67.5
 12.7 3.98782e+37 41.546 11.9 658.3 67.5
 12.8 3.97681e+37 41.578 11.9 658.5 67.5
 12.8 3.96580e+37 41.610 11.9 658.7 67.5
 12.8 3.95479e+37 41.641 11.9 658.8 67.5
 12.8 3.94377e+37 41.673 11.9 659.0 67.5
 12.8 3.93275e+37 41.705 11.9 659.2 67.5
 12.8 3.92173e+37 41.737 11.8 659.4 67.5
 12.8 3.91071e+37 41.769 11.8 659.6 67.5
 12.8 3.89968e+37 41.800 11.8 659.8 67.5
 12.8 3.88865e+37 41.832 11.8 659.9 67.5
 12.8 3.87762e+37 41.864 11.8 660.1 67.5
 12.9 3.86659e+37 41.896 11.8 660.3 67.5
 12.9 3.85555e+37 41.927 11.7 660.5 67.5
 12.9 3.84452e+37 41.959 11.7 660.7 67.5
 12.9 3.83348e+37 41.991 11.7 660.8 67.4
 12.9 3.82244e+37 42.023 11.7 661.0 67.4
 12.9 3.81139e+37 42.055 11.7 661.2 67.4
 12.9 3.80034e+37 42.086 11.7 661.4 67.4
 12.9 3.78929e+37 42.118 11.6 661.6 67.4
 12.9 3.77824e+37 42.150 11.6 661.7 67.4
 12.9 3.76719e+37 42.182 11.6 661.9 67.4
 13.0 3.75613e+37 42.213 11.6 662.1 67.4
 13.0 3.74508e+37 42.245 11.6 662.3 67.4
 13.0 3.73401e+37 42.277 11.6 662.4 67.4
 13.0 3.72295e+37 42.309 11.5 662.6 67.4
 13.0 3.71189e+37 42.340 11.5 662.8 67.4
 13.0 3.70082e+37 42.372 11.5 662.9 67.4
 13.0 3.68975e+37 42.404 11.5 663.1 67.4
 13.0 3.67868e+37 42.436 11.5 663.3 67.4
 13.0 3.66761e+37 42.467 11.5 663.5 67.4
 13.0 3.65653e+37 42.499 11.4 663.6 67.4
 13.1 3.64545e+37 42.531 11.4 663.8 67.4
 13.1 3.63437e+37 42.563 11.4 664.0 67.4
 13.1 3.62329e+37 42.594 11.4 664.1 67.4
 13.1 3.61220e+37 42.626 11.4 664.3 67.4
 13.1 3.60112e+37 42.658 11.3 664.5 67.4
 13.1 3.59003e+37 42.690 11.3 664.6 67.4
 13.1 3.57894e+37 42.721 11.3 664.8 67.4
 13.1 3.56784e+37 42.753 11.3 665.0 67.4
 13.1 3.55675e+37 42.785 11.3 665.1 67.4
 13.1 3.54565e+37 42.817 11.3 665.3 67.4
 13.2 3.53455e+37 42.848 11.2 665.5 67.4
 13.2 3.52345e+37 42.880 11.2 665.6 67.4
 13.2 3.51235e+37 42.912 11.2 665.8 67.4
 13.2 3.50124e+37 42.944 11.2 666.0 67.4
 13.2 3.49014e+37 42.975 11.2 666.1 67.4
 13.2 3.47903e+37 43.007 11.2 666.3 67.4
 13.2 3.46791e+37 43.039 11.1 666.4 67.4
 13.2 3.45680e+37 43.071 11.1 666.6 67.4
 13.2 3.44569e+37 43.102 11.1 666.8 67.4
 13.2 3.43457e+37 43.134 11.1 666.9 67.4
 13.3 3.42345e+37 43.166 11.1 667.1 67.4
 13.3 3.41233e+37 43.197 11.0 667.2 67.3
 13.3 3.40120e+37 43.229 11.0 667.4 67.3
 13.3 3.39008e+37 43.261 11.0 667.5 67.3
 13.3 3.37895e+37 43.293 11.0 667.7 67.3
 13.3 3.36782e+37 43.324 11.0 667.8 67.3
 13.3 3.35669e+37 43.356 11.0 668.0 67.3
 13.3 3.34556e+37 43.388 10.9 668.2 67.3
 13.3 3.33443e+37 43.419 10.9 668.3 67.3
 13.3 3.32329e+37 43.451 10.9 668.5 67.3
 13.4 3.31215e+37 43.483 10.9 668.6 67.3
 13.4 3.30101e+37 43.515 10.9 668.8 67.3
 13.4 3.28987e+37 43.546 10.8 668.9 67.3
 13.4 3.27873e+37 43.578 10.8 669.1 67.3
 13.4 3.26758e+37 43.610 10.8 669.2 67.3
 13.4 3.25643e+37 43.641 10.8 669.4 67.3
 13.4 3.24528e+37 43.673 10.8 669.5 67.3
 13.4 3.23413e+37 43.705 10.8 669.6 67.3
 13.4 3.22298e+37 43.737 10.7 669.8 67.3
 13.4 3.21183e+37 43.768 10.7 669.9 67.3
 13.5 3.20067e+37 43.800 10.7 670.1 67.3
 13.5 3.18951e+37 43.832 10.7 670.2 67.3
 13.5 3.17835e+37 43.863 10.7 670.4 67.3
 13.5 3.16719e+37 43.895 10.6 670.5 67.3
 13.5 3.15603e+37 43.927 10.6 670.7 67.3
 13.5 3.14486e+37 43.958 10.6 670.8 67.3
 13.5 3.13370e+37 43.990 10.6 670.9 67.3
 13.5 3.12253e+37 44.022 10.6 671.1 67.3
 13.5 3.11136e+37 44.054 10.5 671.2 67.3
 13.5 3.10019e+37 44.085 10.5 671.4 67.3
 13.6 3.08902e+37 44.117 10.5 671.5 67.3
 13.6 3.07784e+37 44.149 10.5 671.6 67.3
 13.6 3.06667e+37 44.180 10.5 671.8 67.3
 13.6 3.05549e+37 44.212 10.5 671.9 67.3
 13.6 3.04431e+37 44.244 10.4 672.0 67.3
 13.6 3.03313e+37 44.275 10.4 672.2 67.3
 13.6 3.02195e+37 44.307 10.4 672.3 67.3
 13.6 3.01077e+37 44.339 10.4 672.4 67.3
 13.6 2.99958e+37 44.370 10.4 672.6 67.3
 13.6 2.98839e+37 44.402 10.3 672.7 67.3
 13.7 2.97721e+37 44.434 10.3 672.8 67.2
 13.7 2.96602e+37 44.465 10.3 673.0 67.2
 13.7 2.95482e+37 44.497 10.3 673.1 67.2
 13.7 2.94363e+37 44.529 10.3 673.2 67.2
 13.7 2.93244e+37 44.560 10.2 673.4 67.2
 13.7 2.92124e+37 44.592 10.2 673.5 67.2
 13.7 2.91005e+37 44.624 10.2 673.6 67.2
 13.7 2.89885e+37 44.656 10.2 673.7 67.2
 13.7 2.88765e+37 44.687 10.2 673.9 67.2
 13.7 2.87645e+37 44.719 10.1 674.0 67.2
 13.8 2.86524e+37 44.751 10.1 674.1 67.2
 13.8 2.85404e+37 44.782 10.1 674.2 67.2
 13.8 2.84284e+37 44.814 10.1 674.4 67.2
 13.8 2.83163e+37 44.845 10.1 674.5 67.2
 13.8 2.82042e+37 44.877 10.0 674.6 67.2
 13.8 2.80921e+37 44.909 10.0 674.7 67.2
 13.8 2.79800e+37 44.940 10.0 674.8 67.2
 13.8 2.78679e+37 44.972 10.0 675.0 67.2
 13.8 2.77558e+37 45.004 10.0 675.1 67.2
 13.8 2.76436e+37 45.035  9.9 675.2 67.2
 13.9 2.75315e+37 45.067  9.9 675.3 67.2
 13.9 2.74193e+37 45.099  9.9 675.4 67.2
 13.9 2.73071e+37 45.130  9.9 675.5 67.2
 13.9 2.71950e+37 45.162  9.9 675.7 67.2
 13.9 2.70828e+37 45.194  9.8 675.8 67.2
 13.9 2.69705e+37 45.225  9.8 675.9 67.2
 13.9 2.68583e+37 45.257  9.8 676.0 67.2
 13.9 2.67461e+37 45.289  9.8 676.1 67.2
 13.9 2.66338e+37 45.320  9.8 676.2 67.2
 13.9 2.65216e+37 45.352  9.7 676.3 67.2
 14.0 2.64093e+37 45.384  9.7 676.4 67.2
 14.0 2.62970e+37 45.415  9.7 676.5 67.2
 14.0 2.61847e+37 45.447  9.7 676.7 67.2
 14.0 2.60724e+37 45.479  9.7 676.8 67.2
 14.0 2.59601e+37 45.510  9.6 676.9 67.2
 14.0 2.58478e+37 45.542  9.6 677.0 67.2
 14.0 2.57355e+37 45.573  9.6 677.1 67.2
 14.0 2.56231e+37 45.605  9.6 677.2 67.2
 14.0 2.55108e+37 45.637  9.6 677.3 67.2
 14.0 2.53984e+37 45.668  9.5 677.4 67.1
 14.1 2.52860e+37 45.700  9.5 677.5 67.1
 14.1 2.51737e+37 45.732  9.5 677.6 67.1
 14.1 2.50613e+37 45.763  9.5 677.7 67.1
 14.1 2.49489e+37 45.795  9.4 677.8 67.1
 14.1 2.48365e+37 45.826  9.4 677.9 67.1
 14.1 2.47241e+37 45.858  9.4 678.0 67.1
 14.1 2.46116e+37 45.890  9.4 678.1 67.1
 14.1 2.44992e+37 45.921  9.4 678.2 67.1
 14.1 2.43868e+37 45.953  9.3 678.3 67.1
 14.1 2.42743e+37 45.985  9.3 678.4 67.1
 14.2 2.41618e+37 46.016  9.3 678.5 67.1
 14.2 2.40494e+37 46.048  9.3 678.6 67.1
 14.2 2.39369e+37 46.079  9.3 678.6 67.1
 14.2 2.38244e+37 46.111  9.2 678.7 67.1
 14.2 2.37119e+37 46.143  9.2 678.8 67.1
 14.2 2.35994e+37 46.174  9.2 678.9 67.1
 14.2 2.34869e+37 46.206  9.2 679.0 67.1
 14.2 2.33744e+37 46.237  9.1 679.1 67.1
 14.2 2.32619e+37 46.269  9.1 679.2 67.1
 14.2 2.31494e+37 46.301  9.1 679.3 67.1
 14.3 2.30368e+37 46.332  9.1 679.3 67.1
 14.3 2.29243e+37 46.364  9.1 679.4 67.1
 14.3 2.28117e+37 46.395  9.0 679.5 67.1
 14.3 2.26992e+37 46.427  9.0 679.6 67.1
 14.3 2.25866e+37 46.459  9.0 679.7 67.1
 14.3 2.24741e+37 46.490  9.0 679.8 67.1
 14.3 2.23615e+37 46.522  8.9 679.8 67.1
 14.3 2.22489e+37 46.553  8.9 679.9 67.1
 14.3 2.21364e+37 46.585  8.9 680.0 67.1
 14.3 2.20238e+37 46.617  8.9 680.1 67.1
 14.4 2.19112e+37 46.648  8.9 680.1 67.1
 14.4 2.17986e+37 46.680  8.8 680.2 67.1
 14.4 2.16860e+37 46.711  8.8 680.3 67.1
 14.4 2.15734e+37 46.743  8.8 680.4 67.1
 14.4 2.14608e+37 46.775  8.8 680.4 67.1
 14.4 2.13482e+37 46.806  8.7 680.5 67.1
 14.4 2.12355e+37 46.838  8.7 680.6 67.1
 14.4 2.11229e+37 46.869  8.7 680.7 67.1
 14.4 2.10103e+37 46.901  8.7 680.7 67.0
 14.4 2.08977e+37 46.933  8.6 680.8 67.0
 14.5 2.07850e+37 46.964  8.6 680.9 67.0
 14.5 2.06724e+37 46.996  8.6 680.9 67.0
 14.5 2.05598e+37 47.027  8.6 681.0 67.0
 14.5 2.04471e+37 47.059  8.6 681.1 67.0
 14.5 2.03345e+37 47.090  8.5 681.1 67.0
 14.5 2.02218e+37 47.122  8.5 681.2 67.0
 14.5 2.01092e+37 47.154  8.5 681.2 67.0
 14.5 1.99965e+37 47.185  8.5 681.3 67.0
 14.5 1.98839e+37 47.217  8.4 681.4 67.0
 14.5 1.97712e+37 47.248  8.4 681.4 67.0
 14.6 1.96586e+37 47.280  8.4 681.5 67.0
 14.6 1.95459e+37 47.311  8.4 681.5 67.0
 14.6 1.94333e+37 47.343  8.3 681.6 67.0
 14.6 1.93206e+37 47.375  8.3 681.6 67.0
 14.6 1.92080e+37 47.406  8.3 681.7 67.0
 14.6 1.90953e+37 47.438  8.3 681.7 67.0
 14.6 1.89826e+37 47.469  8.2 681.8 67.0
 14.6 1.88700e+37 47.501  8.2 681.8 67.0
 14.6 1.87573e+37 47.532  8.2 681.9 67.0
 14.6 1.86447e+37 47.564  8.2 681.9 67.0
 14.7 1.85320e+37 47.596  8.1 682.0 67.0
 14.7 1.84193e+37 47.627  8.1 682.0 67.0
 14.7 1.83067e+37 47.659  8.1 682.1 67.0
 14.7 1.81940e+37 47.690  8.1 682.1 67.0
 14.7 1.80814e+37 47.722  8.0 682.2 67.0
 14.7 1.79687e+37 47.753  8.0 682.2 67.0
 14.7 1.78561e+37 47.785  8.0 682.3 67.0
 14.7 1.77434e+37 47.816  8.0 682.3 67.0
 14.7 1.76307e+37 47.848  7.9 682.3 67.0
 14.7 1.75181e+37 47.880  7.9 682.4 67.0
 14.8 1.74055e+37 47.911  7.9 682.4 67.0
 14.8 1.72928e+37 47.943  7.9 682.4 67.0
 14.8 1.71802e+37 47.974  7.8 682.5 67.0
 14.8 1.70675e+37 48.006  7.8 682.5 67.0
 14.8 1.69549e+37 48.037  7.8 682.5 67.0
 14.8 1.68423e+37 48.069  7.8 682.6 67.0
 14.8 1.67296e+37 48.100  7.7 682.6 67.0
 14.8 1.66170e+37 48.132  7.7 682.6 66.9
 14.8 1.65044e+37 48.163  7.7 682.7 66.9
 14.8 1.63918e+37 48.195  7.7 682.7 66.9
 14.9 1.62792e+37 48.226  7.6 682.7 66.9
 14.9 1.61666e+37 48.258  7.6 682.7 66.9
 14.9 1.60540e+37 48.290  7.6 682.8 66.9
 14.9 1.59414e+37 48.321  7.5 682.8 66.9
 14.9 1.58288e+37 48.353  7.5 682.8 66.9
 14.9 1.57162e+37 48.384  7.5 682.8 66.9
 14.9 1.56036e+37 48.416  7.5 682.8 66.9
 14.9 1.54911e+37 48.447  7.4 682.9 66.9
 14.9 1.53785e+37 48.479  7.4 682.9 66.9
 14.9 1.52659e+37 48.510  7.4 682.9 66.9
 15.0 1.51534e+37 48.542  7.4 682.9 66.9
 15.0 1.50408e+37 48.573  7.3 682.9 66.9
 15.0 1.49283e+37 48.605  7.3 682.9 66.9
 15.0 1.48158e+37 48.636  7.3 682.9 66.9
 15.0 1.47032e+37 48.668  7.3 682.9 66.9
 15.0 1.45907e+37 48.699  7.2 682.9 66.9
 15.0 1.44782e+37 48.731  7.2 682.9 66.9
 15.0 1.43657e+37 48.762  7.2 683.0 66.9
 15.0 1.42532e+37 48.794  7.1 683.0 66.9
 15.0 1.41408e+37 48.825  7.1 683.0 66.9
 15.1 1.40283e+37 48.857  7.1 683.0 66.9
 15.1 1.39158e+37 48.888  7.1 683.0 66.9
 15.1 1.38034e+37 48.920  7.0 683.0 66.9
 15.1 1.36910e+37 48.951  7.0 683.0 66.9
 15.1 1.35785e+37 48.983  7.0 683.0 66.9
 15.1 1.34661e+37 49.014  6.9 683.0 66.9
 15.1 1.33537e+37 49.046  6.9 683.0 66.9
 15.1 1.32413e+37 49.077  6.9 683.0 66.9
