#M_c  T_eq  t75     r75     v75     n75    Rc75    Lc75    t50     r50     v50     n50    Rc50    Lc50
1.0e+05 1.0e+04   4.3  15.7  13.4 1.860  38.6 563.4   7.5  27.1  22.9 1.292  31.5 811.1
1.0e+05 1.0e+03   7.4  21.1  11.0 3.001  30.1 272.8  15.1  42.7  22.1 3.002  24.6 272.7
1.0e+05 1.0e+02  11.3  32.1  16.7 30.008  30.1  27.3  25.5  71.7  36.8 30.009  24.6  27.3
1.0e+04 1.0e+04   2.4   4.1   7.6 2.896  17.9 168.0   4.5   7.6  14.0 1.796  14.6 270.7
1.0e+04 1.0e+03   4.3   5.7   6.4 3.002  14.0 126.6   8.9  11.8  13.2 3.003  11.4 126.5
1.0e+04 1.0e+02   5.8   7.7   8.6 30.015  14.0  12.7  13.5  17.8  19.9 30.016  11.4  12.7
1.0e+03 1.0e+04   1.8   1.4   5.7 3.620   8.3  62.4   3.5   2.8  11.0 2.165   6.8 104.3
1.0e+03 1.0e+03   3.3   2.0   4.9 3.028   6.5  58.2   6.7   4.1  10.0 3.004   5.3  58.7
1.0e+03 1.0e+02   4.3   2.6   6.4 30.021   6.5   5.9   9.9   6.1  14.7 30.022   5.3   5.9
