#ID	Modelname	tcc	vs	vexp	q	t75	t50	t25	v75	v50	v25	Group
0	x300v1000	1.72	57.7	0.9	0.90	 5.4	11.1	17.2	20.8	42.0	63.5	0
1	x300v1700	1.01	98.1	3.6	0.90	 4.7	 8.0	10.9	15.4	26.4	35.6	0
2	x1000v1700	1.85	53.8	0.6	0.90	 2.2	 3.8	 5.1	 2.6	 4.5	 6.1	0
3	x300v3000	0.57	173.2	5.4	0.90	 3.2	 5.0	 6.4	 5.2	 8.1	10.3	0
4	x300v3000b	0.57	173.2	5.4	0.90	 7.0	12.6	17.4	19.1	34.0	46.9	0
5	x300v1700c5	1.01	98.1	3.6	0.90	 6.7	13.3	20.0	22.0	43.3	64.2	0
6	x300v1700c20	1.01	98.1	3.6	0.90	 7.5	16.7	28.5	24.8	54.1	90.2	0
7	x1000v480	6.54	15.2	-2.0	0.90	 0.9	 1.8	 2.7	 1.5	 2.9	 4.4	0
8	x3000v860	6.32	15.7	-1.9	0.90	 0.1	 0.2	 0.3	 0.1	 0.1	 0.2	0
